49								49
3836								3836
81825799766544							81825799766544
868779								868779
2								2
669250918354877							669250918354877
18319506350							18319506350
8733272998							8733272998
779454285291866331						779454285291866331
269131209887							269131209887
569411								569411
18387997							18387997
41886143997							41886143997
57939887665443221100						57939887665443221100
3049813928267455617						3049813928267455617
7478609530							7478609530
40								40
3								3
9653809								9653809
12188429							12188429
9521								9521
7854409663598							7854409663598
5549643988776322110						5549643988776322110
261482645998775							261482645998775
99887766554433221100						99887766554433221100
6752								6752
45223996							45223996
82319								82319
5								5
441								441
130								130
287								287
99887766554433221100						99887766554433221100
5010								5010
39053507988766442211						39053507988766442211
91655897404							91655897404
568659								568659
486								486
778								778
3535729988766442						3535729988766442
2403963985							2403963985
28647062710							28647062710
6								6
617724								617724
4759324988766532						4759324988766532
232185440069987765						232185440069987765
7401813535209987						7401813535209987
550899								550899
399087876655							399087876655
11756099887654433						11756099887654433
99887766554433221100						99887766554433221100
99887766554433221100						99887766554433221100
99								99
92420173769886							92420173769886
8862152675499							8862152675499
9								9
3442623								3442623
2947133298876							2947133298876
31854643998							31854643998
54031125							54031125
87331855949							87331855949
759815070223							759815070223
67345439988765							67345439988765
31289781527966544						31289781527966544
9830284747966							9830284747966
1								1
5								5
7694258548029							7694258548029
298728143							298728143
7634678								7634678
1610998877655							1610998877655
41439								41439
6808639904235451						6808639904235451
3329								3329
914								914
57761248659							57761248659
25017								25017
94887976655433							94887976655433
836683								836683
11								11
99887766554433221100						99887766554433221100
217691730609							217691730609
27251871504660							27251871504660
328118479976655432						328118479976655432
1421								1421
61								61
373551								373551
8584979766543322						8584979766543322
3								3
5910363298							5910363298
613372998							613372998
592137								592137
145915								145915
5281158796244							5281158796244
8355749987664							8355749987664
6								6
5067304272319988						5067304272319988
6228								6228
5259010686							5259010686
99887766554433221100						99887766554433221100
4462659988775332110						4462659988775332110
4203439988776							4203439988776
476								476
11							      <
9828471976655433210						9828471976655433210
83547025713							83547025713
1630721								1630721
675385201031499							675385201031499
527832199318766544						527832199318766544
691								691
5								5
305								305
468996587754332211						468996587754332211
60629								60629
99887766554433221100						99887766554433221100
758147								758147
3795020329							3795020329
7252675								7252675
567003247							567003247
33054892987766542						33054892987766542
64538								64538
115897								115897
256430654998							256430654998
4								4
1369126098877							1369126098877
32040998877665543						32040998877665543
6014036								6014036
9776988								9776988
312179894483							312179894483
61289897765544							61289897765544
392267608							392267608
3031998877665544						3031998877665544
1615								1615
65912								65912
1286126								1286126
30440795639887							30440795639887
70027552849							70027552849
55981130439877							55981130439877
3525								3525
6951								6951
4								4
275243030							275243030
2307526075169							2307526075169
96781098765544							96781098765544
241								241
1815099877665443322						1815099877665443322
873267500							873267500
590266								590266
168576480937105943						168576480937105943
1850349								1850349
3346408129987765						3346408129987765
332998877665							332998877665
85983412027976654						85983412027976654
761043								761043
917539288766544							917539288766544
2587								2587
1345								1345
99887766554433221100						99887766554433221100
53673415967298842100						53673415967298842100
738359729866544211						738359729866544211
3947298813076							3947298813076
99887766554433221100						99887766554433221100
699								699
5651407								5651407
432972506901887						      |	432972506898765
8920875391217665443						8920875391217665443
99887766554433221100						99887766554433221100
283								283
86								86
64915622598							64915622598
62403651							62403651
2815548499							2815548499
27359								27359
370276645599884321						370276645599884321
166								166
424365								424365
21032678							21032678
7976260598854433						7976260598854433
265682897975443311						265682897975443311
49938								49938
937060358254987642						937060358254987642
24209978167865543						24209978167865543
2572740869986543						2572740869986543
8								8
8002656359							8002656359
99887766554433221100						99887766554433221100
4188716670995543						4188716670995543
595808379							595808379
1806129268							1806129268
2537329988							2537329988
822337975904							822337975904
402453998							402453998
99887766554433221100						99887766554433221100
46639598877543							46639598877543
8								8
174858406399765322						174858406399765322
54549988776							54549988776
8962497								8962497
7022								7022
3382998776655442110						3382998776655442110
77699886							77699886
39250924188776654310					      |	99887766554433221100
39								39
133299887766554421						133299887766554421
61063350							61063350
998367671405854							998367671405854
66								66
946580653094877							946580653094877
74629621988							74629621988
9536227								9536227
4658215204399							4658215204399
2748197928							2748197928
29754072019886654331						29754072019886654331
4396149288776							4396149288776
40874790369							40874790369
8247718699							8247718699
58								58
77356863254998							77356863254998
9								9
326584708452399761						326584708452399761
23124998877							23124998877
248413716376998							248413716376998
80347								80347
896487497365532211						896487497365532211
1223519988776							1223519988776
14029								14029
34372								34372
8585622179976							8585622179976
8								8
501								501
5277863169985443210						5277863169985443210
36448399877							36448399877
88456436739							88456436739
255191494388776632						255191494388776632
1286599526187744						1286599526187744
761025829643598743						761025829643598743
19983178576							19983178576
99887766554433221100						99887766554433221100
6711099								6711099
1789680279655443						1789680279655443
46047553							46047553
1027891								1027891
16659988775443							16659988775443
4								4
680								680
5010								5010
99887766554433221100						99887766554433221100
329843906							329843906
44399887766553221100						44399887766553221100
719233414							719233414

5845								5845
6217713								6217713
88								88
77699886554433221100						77699886554433221100
857397469865432							857397469865432
791047634139							791047634139

15050329667							15050329667
934720063988765542						934720063988765542
88799766554433221						88799766554433221
436329988776554211						436329988776554211
82219165865							82219165865
56415909702273							56415909702273
5594933								5594933
3024455399887766211						3024455399887766211
281259761398076							281259761398076
60940								60940
8045307939							8045307939
5951210988							5951210988
2								2
6027627								6027627
49737								49737
15066759988744332210						15066759988744332210
524883043							524883043
1510784628420							1510784628420
8300514587997							8300514587997
520								520
1353200299887766						1353200299887766
4028804521997766						4028804521997766
32884701074269							32884701074269
90220798876655							90220798876655
45324								45324
50329549887766432110						50329549887766432110
14354905398877662210						14354905398877662210
130								130
56692183159877							56692183159877
534234052998877661						534234052998877661
66959887754433221						66959887754433221
185276449							185276449
5451849987							5451849987
5506998877644332211						5506998877644332211
62865998775443321100						62865998775443321100
978038451632							978038451632
30931782987665544						30931782987665544
4								4
42243998877665531100						42243998877665531100
7842285799665433						7842285799665433
392326851987765441						392326851987765441
23466								23466
6988679755443							6988679755443
99887766554433221100						99887766554433221100
54824051							54824051
328745811							328745811
868191424							868191424
97								97
21630125877369							21630125877369
1452								1452
519721573030						      |	519721573029
2231998877665							2231998877665
2768781								2768781
2761								2761
13732998876655442						13732998876655442
9774								9774
24338050529987766411						24338050529987766411
6854518								6854518
5432905082948776						5432905082948776
373226561998875441						373226561998875441
5405								5405
75336659							75336659
277201								277201
375376869							375376869
99887766554433221100						99887766554433221100
61692								61692
18948109776655							18948109776655
90681378							90681378
730								730
7721								7721
51152								51152
987427439866							987427439866
6204								6204
74629712							74629712
308268503299776544						308268503299776544
4754386579398622110						4754386579398622110
64080165998775433221						64080165998775433221
127296855948176433						127296855948176433
39101								39101
197400							      |	197398
7342611278006998						7342611278006998
864918734769553221						864918734769553221
66042587504998733211						66042587504998733211
62721619							62721619
3110930988776655						3110930988776655
6297798865544							6297798865544
32830492987766							32830492987766
9								9
38972458							38972458
8273497106							8273497106
239452061988							239452061988
4084399877							4084399877
99887766554433221100						99887766554433221100
90639488776554							90639488776554
653								653
64								64
4236346299887755110						4236346299887755110
134083586902977654						134083586902977654
7800699876554433						7800699876554433
278587996654							278587996654
964529576							964529576
419								419
487117343259686							487117343259686
4876								4876
697856598744332211						697856598744332211
11249								11249
254246539988776311						254246539988776311
6025285								6025285
459242358398776611						459242358398776611
658								658
9386761								9386761
84566202037387199541						84566202037387199541
35								35
61212099887765							61212099887765
97534876986543221						97534876986543221
604193								604193
2727155608							2727155608
107721								107721
560								560
99887766554433221100						99887766554433221100
407847280699655							407847280699655
98953066877							98953066877
9718214246965							9718214246965
89077281591466							89077281591466
667950								667950
94525								94525
80450721998							80450721998
985656								985656
1844603998							1844603998
3961038829776							3961038829776
872841								872841
14288								14288
33299887766							33299887766
2552								2552

35413								35413
694876598754							694876598754
6604919228877554						6604919228877554
8157673498695432210						8157673498695432210
1378240847996655						1378240847996655
161725738699854432						161725738699854432
2911023								2911023
95344210776398							95344210776398
99887766554433221100						99887766554433221100
730206742395198							730206742395198
10196574098							10196574098
14254278							14254278
290137196634887554						290137196634887554
252604019988776543					      |	252603998877654431
15429150988776643320					      |	99887766554433221100
1581746764599833						1581746764599833
66								66
882929357176654							882929357176654
836650								836650
99887766554433221100						99887766554433221100
18133								18133
91202098877665							91202098877665
88046								88046
434901962							434901962
696348385977							696348385977
8891066								8891066
29611946470887							29611946470887
844787996							844787996
1556477949886332210						1556477949886332210
8								8
42910928877							42910928877
19895521644877633						19895521644877633
831643017							831643017
99887766554433221100						99887766554433221100
754								754
6752526499887							6752526499887
199584263087765							199584263087765
482686799755433							482686799755433
113669								113669
87537699865443221						87537699865443221
8								8
1483013299877665542						1483013299877665542
254								254
6117890987655							6117890987655
99887766554433221100						99887766554433221100
83								83
55816806499							55816806499
1								1
5289340698657743						5289340698657743
34694553							34694553
65318571738649942200						65318571738649942200
34907340298876655211						34907340298876655211
82701								82701
4745								4745
3778699865544322						3778699865544322
5757341499886632210						5757341499886632210
8317052391624680						8317052391624680
3734								3734
64277415399886							64277415399886
358267584							358267584
53								53
5339445069012887762						5339445069012887762
29002988							29002988
46								46
2326197549488							2326197549488
5436580714998							5436580714998
2231554998877664						2231554998877664
4865433998776522110						4865433998776522110
91105287987665443320					      |	99887766554433221100
126839897076554432						126839897076554432
90								90
268371544659987321						268371544659987321
420121409988							420121409988
4								4
549								549
13621743269750988540						13621743269750988540
27203199887665544						27203199887665544
84840967539765							84840967539765
70506279549488633						70506279549488633
80131250849							80131250849
1583279980076654432						1583279980076654432
2								2
85533992877664421100						85533992877664421100
4673659988754							4673659988754
22198198776655443						22198198776655443
6764507399328						      |	6764499887553
594801								594801
609812085479765							609812085479765
649879536							649879536
9360841105398							9360841105398
117839538620							117839538620
97476038698							97476038698
447176539988653221						447176539988653221
26882								26882
365198805210779							365198805210779
24211609988776							24211609988776
364923061598877542					      |	364922988776554311
75109								75109
72718219986							72718219986
56576499887433							56576499887433
4651								4651
816170								816170
98787966554433							98787966554433
1749849518766							1749849518766
72654208487190569					      |	72654208487169953
753594214							753594214
8944398776655322						8944398776655322
99887766554433221100						99887766554433221100
6828								6828
4422199887766							4422199887766
140083								140083
7986285147965433						7986285147965433
61614340998877553						61614340998877553
87								87
99887766554433221100						99887766554433221100
498155790786643							498155790786643
890776986554433							890776986554433
6562299813							6562299813
5								5
3203877861442699551						3203877861442699551
233								233
823419								823419
979865								979865
93086								93086
9524								9524
538879976654							538879976654
602336299887							602336299887
200913988776655443						200913988776655443
9856249105627843						9856249105627843
6695988775443322						6695988775443322
538								538
5972								5972
99887766554433221100						99887766554433221100
69								69
83022								83022
42439988776655321						42439988776655321
6554998877643322110						6554998877643322110
3839629								3839629
742893811							742893811
5430845680799						      |	5430845679987
7								7
5112								5112
5163								5163
978								978
6864453998							6864453998
43370299887665542						43370299887665542
469								469
4								4
8503748097296654						8503748097296654
975033								975033
78								78
49123								49123
1929838								1929838
899343								899343
473								473
64102812450998						      |	64102812439987
45250731849987663						45250731849987663
6								6
98695187765443							98695187765443
26301375299887							26301375299887
65870248115762499330						65870248115762499330
1543381629							1543381629
1173705								1173705
4523395900428877661						4523395900428877661
4234786683299755						4234786683299755
138221998							138221998
53950849							53950849
410683504139							410683504139
472304805329987							472304805329987
11439063298877							11439063298877
280731839							280731839
99887766554433221100						99887766554433221100
99887766554433221100						99887766554433221100
70501998876654							70501998876654
67265441							67265441
6594278492503876					      |	6594278492387653
572								572
80230291145							80230291145
153590229388776							153590229388776
452426731998876531						452426731998876531
5682								5682
607916012988755							607916012988755
275670								275670
9652								9652
2								2
279392183817							279392183817
13								13
2251998								2251998
15736835841979064						15736835841979064
2545662199887743						2545662199887743
70327963698855442110						70327963698855442110
2735998008766544321						2735998008766544321
142								142
43857790191536864220						43857790191536864220
35265612149988774						35265612149988774
9460260								9460260
81802069512479						      |	81801997766554
6								6
682374587499653							682374587499653
3503958871							3503958871
360659								360659
929688								929688
32106025643719988					      |	32105998877665443
26751								26751
8								8
266359988775443							266359988775443
47823								47823
946769415887533221						946769415887533221
99887766554433221100						99887766554433221100
9372935752886							9372935752886
3114								3114
495418								495418
6997487586543322110						6997487586543322110
8942327198							8942327198
27007998866554433211						27007998866554433211
55324								55324
554641673939							554641673939
9455031198							9455031198
34								34
8127109987665544332						8127109987665544332
46343858299776521100						46343858299776521100
95262941							95262941
37381679298655442						37381679298655442
3178166599							3178166599
1								1
21								21
544833729987665211						544833729987665211
120569207							120569207
5037736998865442						5037736998865442
2776998865544332110						2776998865544332110
7955600673498843221						7955600673498843221
5657491620498873						5657491620498873
75464399887							75464399887
58149700							58149700
4								4
44128239987							44128239987
7244399								7244399
16685998775443322100						16685998775443322100
8121209987							8121209987
903								903
6795513109887644322						6795513109887644322
225								225
6								6
99887766554433221						99887766554433221
1551864382327994760						1551864382327994760
7437851423699							7437851423699
2288199								2288199
440739988766							440739988766
99887766554433221100						99887766554433221100
1749766								1749766
56043								56043
6								6
1061099887765544						1061099887765544
7								7
391								391
9819								9819
365858322144109977						365858322144109977
233								233
854								854
94								94
6268575499874332						6268575499874332
856797802062594							856797802062594
81370539429876654						81370539429876654
768								768
43295536289							43295536289
32647796							32647796
21919085							21919085
74125729169886							74125729169886
5927495788664332						5927495788664332
287007139986655							287007139986655
2664257319							2664257319
44339988776655221100					      |	99887766554433221100
33887012997665544210						33887012997665544210
8								8
993887327465							993887327465
196924388							196924388
1322645953764							1322645953764
7165225								7165225
6885105494937763						6885105494937763
9452778451303986						9452778451303986
44278399876655321						44278399876655321
1531209988776							1531209988776
1394568730109							1394568730109
1879649436							1879649436
62139162							62139162
77625145080469983						77625145080469983
75915080							75915080
66355719498							66355719498
2686105								2686105
8980213								8980213
8174658130							8174658130
2235596374988							2235596374988
5199874743866532						5199874743866532
8579330069							8579330069
6465998								6465998
4								4
4341883								4341883
4159818								4159818
3								3
4817413998							4817413998
814439987766553							814439987766553
179332988766554							179332988766554
45480								45480
8997725130523086						8997725130523086
99887766554433221100						99887766554433221100
99887766554433221100						99887766554433221100
8237								8237
84049337171098665					      |	84049337169876552
96230757							96230757
28113247							28113247
2144301825579987663						2144301825579987663
82656599877							82656599877
996								996
893								893
184276394735							184276394735
4043998877665532211						4043998877665532211
4537124								4537124
710609543372988							710609543372988
43637140829987655210						43637140829987655210
4009263236							4009263236
42882799							42882799
18201837997665544						18201837997665544
5397600534764							5397600534764
34671501099887654						34671501099887654
545								545
68965								68965
9251								9251
17								17
23796407248539865						23796407248539865
9795756886							9795756886
769576235988443							769576235988443
88245799							88245799
524182358							524182358
1483093								1483093
424156852879976							424156852879976
173138509							173138509
6								6
396196272731885							396196272731885
776080169985							776080169985
7407369								7407369
837291012568							837291012568
80770699865544332211						80770699865544332211
2878191								2878191
63685998							63685998
224619988776							224619988776
411633099887							411633099887
286826599775							286826599775
380197								380197
856431								856431
2797581169865							2797581169865
651								651
96608037521123744						96608037521123744
813								813
823219								823219
56291								56291
851277269							851277269
485037375							485037375
5956872249876433						5956872249876433
395156441080223							395156441080223
37580387996654422						37580387996654422
42526199887765433						42526199887765433
86								86
36445838							36445838
5711066								5711066
952798408							952798408
26278769985							26278769985
280								280
599887								599887
661599887							661599887
4531050614998877						4531050614998877
1								1
544								544
870239975028							870239975028
6846225								6846225
31639410988							31639410988
246243998877655311						246243998877655311
773								773
99887766554433221100						99887766554433221100
96089								96089
1039341262							1039341262
1863								1863
963015								963015
4561056813							4561056813
84482261997765533100						84482261997765533100
7212878569965443						7212878569965443
1236650329988							1236650329988
3413451299887766520						3413451299887766520

5902241510							5902241510
97117698865544							97117698865544
890469240877655332						890469240877655332
24								24
18								18
2938374429876655						2938374429876655
29105631848462359						29105631848462359
8								8
826443683997755211						826443683997755211
2621								2621
5446								5446
5750								5750
34264600135							34264600135
7630654327149							7630654327149
99887766554433221100						99887766554433221100
9631349887765542210						9631349887765542210
5908961328776544321						5908961328776544321
22								22
2385074270							2385074270
59								59
2054								2054
758783699							758783699
1								1
613988907							613988907
847269								847269
40917041988766							40917041988766
648928352776154931						648928352776154931
126207659988754							126207659988754
801648467097529							801648467097529
11								11
132595472198							132595472198
84118								84118
99887766554433221100						99887766554433221100
77681369985544322100					      |	99887766554433221100
1948023531857							1948023531857
97769								97769
98197713008							98197713008
64648703998755322						64648703998755322
5273028								5273028
621								621
9240069887765							9240069887765
54543998877663221100						54543998877663221100
74								74
49951886776543							49951886776543
9370960163							9370960163
99887766554433221100						99887766554433221100
74376826							74376826
1800699877655							1800699877655
769226198875544331						769226198875544331
410646202351							410646202351
803294								803294
954								954
3699188776							3699188776
72144253619988765300						72144253619988765300
136								136
4								4
759910214334802876						759910214334802876
85457								85457
552923781987664							552923781987664
79892876655443							79892876655443
4008514912332							4008514912332
99887766554433221100						99887766554433221100
84305536499877622110						84305536499877622110
931								931
99887766554433221100						99887766554433221100
160168								160168
6539262975711488430						6539262975711488430
325075499887							325075499887
46169								46169
2096								2096
4439								4439
8501253							      |	8499877
7733								7733
4								4
2								2
97708465698543322110						97708465698543322110
6050859987764433					      |	6049988776554332
94								94
5177463546832998210						5177463546832998210
81055904							81055904
491126823694758							491126823694758
831660245998775432						831660245998775432
2455								2455
5								5
2132846731998765						2132846731998765
8659789706544332						8659789706544332
99887766554433221100						99887766554433221100
11								11
33192988							33192988
544253998877							544253998877
5633								5633
92804561495026387731						92804561495026387731
70173699886554							70173699886554
9561921472							9561921472
568891916							568891916
32435299887766541100						32435299887766541100
639								639
5629586980402							5629586980402
530121524998877664						530121524998877664
506								506
434								434
96504276149							96504276149
63635998877							63635998877
197								197
443839987766							443839987766
21062051998877						      |	21061998877655
166								166
9249								9249
798546233865							798546233865
6								6
6078								6078
697								697
872486127996							872486127996
99887766554433221100						99887766554433221100
71307								71307
38132998776							38132998776
99887766554433221100						99887766554433221100
5919814752768643						5919814752768643
1314504539988							1314504539988
39705223							39705223
99887766554433221100						99887766554433221100
958507								958507
340934252988776							340934252988776
82995602847765							82995602847765
5988279								5988279
39165287570644983						39165287570644983
1875								1875
689282197765							689282197765
501772663599							501772663599
484								484
9007358							      |	8998776
810								810
957297642188654							957297642188654
410473399887							410473399887
21629169088775544						21629169088775544
71								71
9203110973887							9203110973887
457								457
4606								4606
406199								406199
1833129987766554420						1833129987766554420
6761332								6761332
267018213309987655						267018213309987655
359208308219							359208308219
8								8
7708199866554433221						7708199866554433221
762945324398							762945324398
4708437369986552						4708437369986552
1								1
2735749231							2735749231
4								4
434132998							434132998
5458249636129138						5458249636129138
677055								677055
177282643							177282643
929644138							929644138
68309251695032877441						68309251695032877441
9								9
68641377245998532						68641377245998532
48098701943376							48098701943376
73342887							73342887
6997								6997
5712716998865443						5712716998865443
99887766554433221100						99887766554433221100
239917734628							239917734628
99887766554433221100						99887766554433221100
109031398877665							109031398877665
38891061377659							38891061377659
321231								321231
45280								45280
581601867375994432						581601867375994432
5708								5708
5002785249987664						5002785249987664
86								86
57								57
225								225
66								66
8								8
5858127749966433						5858127749966433
872219987							872219987
169170988765544332						169170988765544332
9								9
674598673413985221						674598673413985221
15								15
46								46
20								20
457439988766							457439988766
9962257								9962257
83057656499							83057656499
6491848767							6491848767
69004598						      |	68998776
13206265919887754						13206265919887754
549246839							549246839
37096818							37096818
79681227169855443300						79681227169855443300
62								62
42670721533419988						42670721533419988
5								5
711								711
753								753
1								1
95364191887765432						95364191887765432
77								77
1598669								1598669
53299								53299
488								488
953905862072							953905862072
126534								126534
99887766554433221100						99887766554433221100
6301392716							6301392716
76176998855443322100						76176998855443322100
84841953917							84841953917
426460902837759853						426460902837759853
77289								77289
75								75
9589342								9589342
1257235								1257235
4067729569885433211						4067729569885433211
60624550							60624550
