100
2 1
500 300
900
660
2 1
500 300
1500
809
2 2
50 100
450 449
1100 1101
2 1
500 300
300
500
1 8
10
11 13 17 11 16 14 12 18
2 8
1 4
1 1 11 1 11 1 1 1
36 36 4 4 4 4 4 4
2 3
2 10
1980 1868 1787
9396 8225 8100
1 2
127294
578111 932016
2 7
6 9
6 24 54 51 17 24 46
99 27 64 38 9 36 69
1 1
8
7168
2 4
1 2
11 1 1 1
2 2 18 2
2 5
2 3
435 220 1000 776 563
1106 648 1500 270 965
1 6
108543
878873 951888 886099 689753 917995 763297
1 6
60277
854804 670546 762123 866284 994980 902403
2 7
1 5
2001 1890 180 1716 2102 1900 1530
9500 9350 1100 9885 9035 9394 8470
2 1
2 6
6
19
2 8
9 3
3782 17094 18947 10790 11340 9900 12870 917
330 3605 4620 6042 3510 1217 6506 3300
2 8
3 5
3 3 3 3 3 3 3 27
5 5 55 5 5 5 5 5
2 2
7 8
1497 674
877 1695
2 1
10 8
9873
7759
2 4
297011 640418
341799 957289 853128 904752
866472 957978 948278 278324
2 1
117491 263254
759119
987820
1 1
2
210
2 8
3 8
2160 600 1822 2100 810 1157 286 1640
7040 1600 5600 2961 4040 2640 4817 775
2 8
1 1
1000000 999999 999998 999997 999996 999995 999994 999993
999992 999991 999990 999989 999988 999987 999986 999985
1 8
5
8800 7622 8000 8655 7253 8000 8232 8800
1 5
10
51 40 110 28 76
2 8
8 6
11232 11147 11889 11361 10636 10080 10080 11160
8424 8063 8831 9240 9247 9240 8847 8370
2 5
4 10
770 2024 1600 377 1080
5422 2179 995 4000 3300
1 1
2
2340
1 7
6
10374 11043 11388 12403 12540 10450 11430
1 2
4
8280 9008
1 5
1
880 2211 1118 511 1500
2 3
2 2
936 1041 1100
1095 900 916
1 8
1
2530 2378 2260 2206 2494 2301 2530 2204
2 7
8 8
18000 20000 19665 18000 21306 18901 18669
20000 22000 19515 19395 21357 22000 20146
2 5
2 1
431 391 392 421 462
189 202 181 196 210
2 8
3 4
12 25 33 9 3 9 9 23
4 29 12 12 12 36 30 16
2 2
3 9
300 329
900 982
2 8
10 4
25219 26400 24000 23797 24122 22478 24000 21600
8777 8640 9956 9600 8880 10560 9530 9600
1 8
10
7 6 2 5 4 3 8 1
2 3
2 10
18 15 15
79 110 75
2 1
6 10
4800
7544
2 5
3 3
600 5047 1567 5600 6210
5790 600 4657 7590 1602
2 6
5 10
450 1832 2700 1359 2500 1080
6600 5000 3905 2864 2165 1100
1 8
1
1683 1700 1554 1700 1694 1770 1530 1849
2 8
200179 104104
728887 988072 783588 951698 793985 373657 964387 910210
925902 805822 965378 910923 897336 885714 408799 719842
2 4
8 3
18840 12646 2400 3520
1080 900 4947 6988
1 2
2
200 360
2 1
96314 730888
799380
893167
2 4
1 3
185 200 180 219
649 603 585 660
1 6
196164
160153 755505 998862 843083 838262 759551
2 8
6 4
9860 10174 9600 10461 9074 9039 9600 10560
6872 6246 5760 6400 6691 6028 6400 6257
1 8
8
47 72 72 54 56 40 16 23
2 8
7 2
5390 3373 1540 4494 5600 766 2753 2100
1291 600 1260 738 1600 360 215 979
2 8
8 6
50 88 34 16 72 16 32 17
36 12 24 66 22 12 54 12
2 6
3 7
3 3 3 27 3 3
77 7 7 7 7 7
2 8
15349 49724
551748 827288 723575 968925 799468 607842 514923 930371
927760 993154 530662 968172 775322 598054 677148 856937
1 4
10
18060 16319 15300 17000
2 2
4 10
20 12
50 29
2 6
6 4
2400 3146 3488 1620 541 1139
1320 372 2214 799 2142 1600
2 7
2 2
11 4 11 18 2 11 8
2 10 11 22 4 11 8
1 4
199349
619551 212707 898245 860203
1 7
572999
349626 994675 669151 833825 844954 920375 970477
1 3
1000000
900001 900000 899999
1 5
3
917 300 572 1320 1640
2 5
2 6
874 540 211 400 924
2868 1980 2427 1200 633
1 6
9
13625 1980 18130 5070 11700 10800
2 2
147639 232469
943886 718498
945673 902318
2 7
2 4
4008 4002 3714 4161 3868 3845 3618
7556 8757 7262 8844 7546 8004 8016
2 8
5 1
4000 11550 6791 3497 8491 1500 9000 8868
800 1421 300 687 1890 2200 1713 1823
2 1
8 8
8800
7200
2 7
10 1
90 10 51 40 83 60 27
8 3 11 5 4 1 6
1 7
6
7560 6392 10378 9000 12412 16439 11225
2 8
6 6
2612 2164 2457 2430 2160 2640 2424 2365
2365 2424 2640 2574 2226 2160 2156 2430
1 5
9
38 25 27 99 73
2 2
8 4
7121 15120
3301 9240
2 8
2 10
1672 1980 1678 1848 1800 1620 1802 1800
9210 9000 8595 9162 8383 8100 9000 9900
1 5
235412
675724 890597 821398 999864 877680
1 1
6
32
2 7
5 4
6799 10450 11500 11613 9274 4400 459
2880 5195 386 7468 9200 6840 10076
1 7
8
1600 4076 745 2640 5600 3421 4411
2 8
138067 319223
668742 823880 888833 933325 933886 535709 741923 689171
981865 617635 586021 949199 954567 228320 842284 122509
2 8
3 8
1298 5400 3274 2700 3377 5700 2750 1928
8800 3449 17600 4443 7496 9629 8388 15200
2 4
7 6
765 9421 10780 14700
12600 601 8122 7560
1 8
8
6400 3520 2400 1496 3652 4850 6142 802
2 2
4 3
15 44
27 12
2 3
9 2
23760 15300 12298
4320 3400 2809
1 7
9
23353 20250 21481 20351 22482 22491 20436
1 2
2
4 6
2 2
7 9
9240 8595
9720 10746
1 2
2
400 180
1 4
127602
484182 766582 919361 774212
1 4
5
8819 4950 512 500
2 1
5 3
9104
5332
1 5
417141
867991 972968 52379 877646 904721
2 5
9 5
2673 2792 2890 2703 2511
1420 1485 1705 1540 1418
2 3
10 5
10 10 10
5 5 5
1 7
4
5280 4800 4527 4839 5097 4417 4994
2 8
6 5
6 54 6 66 6 6 6 6
5 5 5 5 55 45 5 5
