100
2 1
500 300
900
660
2 1
500 300
1500
809
2 2
50 100
450 449
1100 1101
2 1
500 300
300
500
1 8
10
11 13 17 11 16 14 12 18
1 3
1000000
899999 900001 900000
2 8
7 1
7 7 63 7 63 7 7 7
1 1 1 11 1 1 11 1
2 3
2 9
18 13 16
72 99 54
2 7
3 6
3037 3300 3630 3257 3266 3626 3630
6600 6466 5940 7128 6042 5940 6338
1 5
7
2800 2539 3080 2799 2934
2 2
144337 64111
551121 893977
799137 882161
2 8
153891 218188
771600 819538 982797 590203 646403 498222 521409 895616
558284 484391 516010 945711 670794 333507 934133 699586
2 8
13807 47609
968250 927483 868892 901919 553391 971124 852542 730843
946674 804659 633188 988912 998184 991414 937786 882556
2 5
738352 118135
566343 994560 786814 589239 892524
269438 987345 992605 711060 794283
2 1
10 4
15400
5040
1 3
1
2106 2404 2320
2 8
8 10
72 59 23 16 51 43 56 64
110 20 82 70 66 28 52 78
2 6
6 8
9176 8400 7560 8877 7679 8246
11806 11200 10759 12320 10671 12105
1 6
3
604 1500 836 1704 1320 285
2 3
6 3
12 38 45
6 26 18
2 8
2 1
1100 1600 600 1298 835 375 220 1259
300 107 196 638 450 625 800 417
2 5
4 7
26 16 13 44 26
49 28 45 63 21
2 8
7 8
9859 5983 12864 13090 1890 8400 8296 13300
6505 9600 11225 2640 15200 15125 11006 12240
2 1
1 7
376
3005
2 8
7 5
39 50 77 63 52 57 56 7
36 40 28 41 45 55 37 5
2 2
1 10
1700 1738
18990 17000
1 6
8
8 8 8 8 72 8
2 6
1 7
202 310 379 100 600 450
2117 3850 2675 700 4200 1501
2 8
6 8
1681 1918 1980 1620 1800 1967 1839 1689
2266 2467 2160 2640 2425 2400 2613 2310
1 7
5238
985538 699952 910601 933920 974030 992221 644699
2 6
7 4
49 21 15 13 53 63
30 8 44 12 28 8
2 4
2 10
3794 3730 3992 3467
18416 18970 19281 17632
1 7
5
3642 8550 11541 10051 12000 947 6050
2 7
4 3
5091 3991 9053 2880 1600 3600 3693
6723 3805 1200 2858 2700 2815 2640
2 8
7 4
9528 8507 9523 10010 9114 9521 8812 8629
5607 5208 5472 5038 5552 4820 4711 4680
2 8
4 2
5526 2400 10091 2992 9240 8416 3073 6312
1366 1590 2916 4992 1200 3780 3192 4360
1 8
10
16515 14548 16610 13590 16229 16434 16029 15040
2 4
1 2
1440 1400 952 321
3520 2800 615 1884
2 1
10 3
21690
7953
2 6
10 2
12000 14000 19122 3125 21295 11000
1800 3840 611 2400 2800 4596
2 6
2 10
540 600 548 625 660 642
3000 3300 3272 2700 2788 2940
2 4
5 5
10310 9353 9000 9452
10496 11000 9703 9526
2 7
8 10
11520 1508 13662 1600 20000 10222 1747
1936 2000 1814 16454 13421 17600 25000
1 5
235412
821398 877680 999864 890597 675724
2 5
5 3
5850 6228 6505 6917 6313
4290 3903 4072 3874 4101
1 5
10
2700 2000 979 4395 5460
2 8
8 4
72 8 88 8 8 8 8 8
4 4 4 4 44 36 4 4
1 4
9
2700 3494 982 1620
2 1
9 3
877
278
1 2
259710
798415 704122
1 3
2
198 2800 1080
2 1
4 5
9672
12757
2 2
4 4
722 360
837 440
2 2
2 6
421 220
540 1213
2 1
2 9
17
73
2 6
10 9
110 10 36 88 110 27
76 9 81 38 81 27
1 6
5
5 5 5 5 5 45
1 7
5
5 5 45 45 5 5 5
2 8
1 1
1000000 999999 999998 999997 999996 999995 999994 999993
999992 999991 999990 999989 999988 999987 999986 999985
2 7
459302 565457
972476 861838 538029 948486 989571 418187 574739
945234 774640 936214 921687 476666 546479 859372
2 2
2 9
8 9
34 41
2 4
7 4
7 20 77 21
36 12 4 11
1 6
9
22790 23394 22661 24750 21122 22545
1 7
8
2302 2400 2486 2456 2436 2160 2160
1 3
10
20000 22000 20544
2 1
2 8
1100
3600
2 8
8 2
2400 5363 3600 5140 852 3495 1453 6400
1229 1600 211 600 857 1100 362 1378
2 2
238847 440114
657623 317054
962548 709060
1 1
5
500
2 8
7 1
12627 11576 12607 11471 13008 11340 11650 13937
1819 1629 1895 1902 1633 1801 1746 1980
1 5
4
2800 6960 8335 6580 7920
1 7
7
2100 2180 2100 2042 1890 2035 2144
2 8
4 5
7920 4840 3518 8792 7560 424 4400 9600
11407 12000 3962 9733 525 6084 11550 5500
2 8
757095 465813
375697 941517 895355 816320 233115 528213 523325 998236
862337 540682 673830 287153 442677 371543 631574 362976
1 6
8
20000 1513 8765 12960 20713 9297
1 3
5
473 1011 1495
1 1
2
181
1 3
9
17735 18810 17091
1 3
89825
662218 538365 931197
2 7
3 10
1444 1890 853 1200 660 1900 308
4880 6156 3295 7700 4000 1012 1800
1 2
6
6 66
2 8
3 3
2430 2479 2651 2671 2700 2841 2970 2700
2970 2454 2700 2628 2700 2881 2466 2430
2 6
1 9
2214 2100 1920 2321 2027 1899
20889 17091 19523 18900 18866 18132
1 6
4
7992 8323 8316 7464 7729 8800
1 6
9
17181 17776 16182 14580 15656 16253
2 4
559187 343486
723436 681431 839169 821190
911524 999156 976642 746269
2 1
2 4
15
28
1 7
594985
754537 838673 991921 391956 997559 818330 787575
2 5
6771 26382
998562 237354 827370 674869 788445
856822 934316 977583 867639 954750
1 4
2
4267 4400 3992 3825
1 4
7
12030 14105 13360 13300
2 8
10 4
70 50 18 38 60 61 90 10
44 4 28 26 26 8 15 19
2 1
7 1
661
92
1 8
10
3 8 5 4 2 6 1 7
2 5
4 6
17 36 13 16 27
41 66 19 24 26
2 5
6726 267763
868389 640605 938503 826730 543292
551300 566146 542831 561084 183187
2 6
5 10
27 5 40 45 28 35
74 10 110 79 53 59
2 5
172230 190792
165354 683257 937225 955989 970810
988059 848417 483350 837018 662333
2 4
2 3
1320 1366 3000 1688
4500 2546 1620 2091
2 3
10 8
1994 3000 1036
1571 858 2400
