200
46 35
29 48
27 8
26 11
46 1
22 41
6 49
50 39
47 28
45 13
15 11
24 41
14 8
32 11
23 2
42 48
20 2
17 9
27 22
36 3
22 28
18 21
8 34
3 11
4 2
50 42
29 28
32 4
5 5
40 27
9 25
48 46
50 50
39 32
47 34
35 9
50 3
49 42
38 46
17 31
23 20
2 50
46 30
46 36
24 40
21 18
28 29
27 18
4 23
28 16
20 23
25 12
24 2
2 1
49 8
22 44
33 7
11 40
47 43
40 4
16 33
14 11
36 37
47 38
38 4
20 5
42 48
21 10
16 3
3 2
35 10
41 41
14 18
45 20
40 31
14 28
5 23
23 34
23 44
18 35
23 50
40 47
28 38
34 22
17 33
34 41
50 25
34 7
25 25
18 29
10 4
42 16
22 26
28 30
25 20
26 23
32 45
2 28
16 35
6 10
5 49
6 22
50 13
8 43
48 4
46 25
7 42
50 19
11 27
5 25
11 10
23 7
44 15
28 10
49 15
20 50
10 28
27 31
35 38
39 28
33 30
24 50
39 41
43 29
9 9
28 42
22 14
29 34
11 5
38 2
16 16
23 24
22 34
9 16
3 5
25 50
4 24
13 37
12 19
43 12
46 22
36 6
40 21
29 15
15 2
29 19
13 7
47 17
48 30
32 40
14 24
2 31
20 22
18 46
7 5
30 40
35 20
31 1
38 34
49 14
37 47
23 3
46 47
20 21
24 19
41 46
29 22
31 19
25 23
15 3
35 3
21 12
28 35
27 9
26 3
3 36
26 35
2 21
35 26
10 41
4 25
3 9
16 48
39 11
48 47
26 5
45 40
25 4
7 31
2 45
21 30
30 18
21 21
12 49
10 16
15 26
43 47
34 32
35 35
44 16
