100
4 2
5 2
6 2
1000 1000
1000 1
312 268
999 1
1000 383
969 837
500 244
1000 498
500 174
697 667
1000 489
841 694
604 546
543 540
500 1
259 238
500 256
1000 256
500 117
877 763
780 602
316 257
672 551
540 511
822 734
1000 128
1 1
500 2
669 523
2 1
434 340
519 463
1000 999
500 249
565 518
999 488
500 127
2 2
667 595
755 680
500 116
999 487
999 338
434 364
605 480
999 128
583 442
989 860
999 511
999 999
500 500
412 386
999 510
1000 499
496 468
767 656
775 654
501 408
4 1
500 86
566 528
3 1
626 541
682 614
917 837
999 498
1000 500
458 420
500 255
500 128
500 499
1000 488
496 452
1000 512
416 342
1000 255
500 245
999 499
1000 510
999 512
999 127
5 1
3 2
999 255
1000 2
1000 511
999 2
1000 127
999 998
810 619
999 497
500 250
999 256
656 537
500 251
500 248
720 656
