100
4 2
5 2
6 2
1000 1000
1000 1
999999 2
500000 500000
535944 454546
500000 499999
500000 250000
999999 127
999999 262143
385238 361142
355979 288940
451371 439427
318148 245738
741163 649320
704619 566717
500000 172802
4 1
2 1
1000000 519896
999999 262144
592872 457091
682322 568032
349357 299023
500000 237857
3 1
500000 251889
500000 237856
1000000 128
1000000 499998
500000 131071
5 1
999999 499999
999999 1
500000 262144
278024 266911
500000 127
1000000 1000000
999999 999999
444570 443501
1000000 999999
1000000 262144
679304 639710
755688 613301
1000000 524288
470506 408842
596744 537015
458343 421314
1000000 524287
999999 524287
1000000 378237
480182 429718
500000 262143
2 2
839821 775378
999999 475711
1000000 1
558695 506984
500000 131072
874100 774611
999999 499998
999999 475712
612032 518623
999999 128
802192 742596
738242 605181
999999 999998
766742 638190
500000 128
570266 487967
817352 774825
1000000 127
757043 610076
702501 529192
610797 543891
999999 499997
1000000 475713
500000 249998
683160 574010
999999 337812
1000000 500000
500000 2
999999 524288
999999 520981
519186 514465
296753 255713
1000000 262143
834136 695852
1 1
1000000 475712
984285 875728
586110 522378
3 2
1000000 499999
500000 249999
1000000 2
734024 680851
500000 1
