100 99
1 2
2 3
2 4
3 5
2 6
4 7
5 8
6 9
4 10
5 11
2 12
7 13
7 14
4 15
1 16
15 17
8 18
8 19
16 20
11 21
21 22
16 23
14 24
18 25
2 26
3 27
2 28
23 29
12 30
17 31
27 32
12 33
14 34
29 35
1 36
31 37
28 38
3 39
10 40
1 41
27 42
18 43
20 44
20 45
5 46
30 47
1 48
19 49
24 50
39 51
51 52
18 53
30 54
29 55
47 56
19 57
14 58
33 59
20 60
42 61
55 62
22 63
61 64
10 65
32 66
31 67
42 68
54 69
56 70
20 71
8 72
71 73
69 74
14 75
29 76
76 77
32 78
13 79
58 80
67 81
80 82
51 83
79 84
21 85
25 86
82 87
16 88
49 89
45 90
89 91
84 92
14 93
85 94
26 95
80 96
66 97
88 98
34 99
95 100
