100
10
866 956 502 278 269 903 852 731 330 575 
0 1 0 0 3 2 6 3 6 0 
10
360 459 142 637 4 11 966 461 501 381 
0 0 1 1 1 5 2 6 6 0 
10
127 966 74 124 617 993 981 597 899 265 
0 0 2 1 2 0 5 0 4 2 
10
650 554 770 582 602 450 622 43 890 556 
0 1 1 3 1 4 2 6 2 6 
10
453 847 445 55 81 875 397 289 934 10 
0 0 1 2 3 4 6 3 4 6 
10
452 672 540 796 931 69 624 834 548 43 
0 0 1 3 1 3 4 4 6 9 
10
357 800 908 223 22 104 700 847 414 91 
0 1 1 0 2 3 3 6 7 0 
10
583 750 575 846 853 499 982 812 21 870 
0 1 2 3 1 2 4 3 3 0 
10
310 565 353 494 181 652 120 722 886 415 
0 0 0 2 1 2 5 4 3 2 
10
585 19 329 553 764 917 759 732 229 444 
0 1 2 1 4 2 6 1 7 8 
10
701 542 244 3 781 842 754 972 404 48 
0 1 0 1 0 1 6 4 6 7 
10
939 712 94 5 653 352 515 586 337 668 
0 0 2 3 2 5 4 3 4 8 
10
586 670 929 784 351 489 746 156 708 926 
0 1 0 0 1 2 2 2 3 3 
10
385 376 65 627 820 469 422 719 665 139 
0 1 0 3 2 0 4 2 1 1 
10
957 410 945 967 918 875 225 64 477 657 
0 1 1 3 1 5 3 7 5 0 
10
305 564 258 528 947 97 819 566 454 908 
0 1 0 1 2 5 6 5 7 1 
10
684 929 354 527 677 384 597 396 970 340 
0 0 1 1 4 2 5 5 4 7 
10
23 554 557 523 623 240 821 511 845 98 
0 1 1 3 1 3 1 3 6 4 
10
392 144 41 88 836 731 863 613 101 894 
0 1 2 1 1 3 1 0 6 2 
10
411 218 188 520 882 987 96 687 129 421 
0 0 0 2 1 0 1 4 4 6 
10
314 882 299 662 751 110 818 850 456 599 
0 1 2 3 4 4 0 2 3 7 
10
254 492 892 727 286 405 826 595 37 60 
0 1 0 2 3 0 4 4 4 0 
10
198 257 468 692 726 106 246 354 383 876 
0 0 1 1 4 5 1 3 2 3 
10
799 676 648 156 340 936 511 993 645 470 
0 0 1 3 2 1 6 6 2 8 
10
243 890 912 347 758 683 359 479 195 673 
0 0 1 2 3 1 2 0 1 5 
10
379 397 435 33 547 517 679 281 423 488 
0 0 0 0 4 1 5 1 6 3 
10
690 587 936 411 992 28 642 948 671 688 
0 1 2 2 3 1 0 1 3 4 
10
491 351 524 188 698 767 119 298 103 352 
0 0 2 1 3 0 3 1 4 2 
10
98 99 307 247 18 505 383 299 481 446 
0 0 0 1 0 1 4 6 0 3 
10
788 211 708 742 403 992 115 511 212 354 
0 1 2 1 3 2 5 3 2 2 
10
480 354 290 881 215 538 356 151 899 179 
0 0 2 0 3 1 3 4 2 8 
10
667 137 165 500 173 976 503 155 447 793 
0 1 2 1 4 3 2 2 8 9 
10
204 999 178 899 573 575 45 108 727 966 
0 0 1 3 2 4 3 6 5 2 
10
100 557 617 183 707 46 896 480 969 435 
0 0 0 0 0 3 0 7 3 8 
10
999 930 513 658 969 436 950 365 962 651 
0 1 0 1 3 2 4 3 4 4 
10
890 960 624 838 969 528 986 18 919 419 
0 1 2 3 1 1 1 6 2 7 
10
280 337 315 99 323 885 265 269 778 231 
0 1 1 0 0 0 3 7 0 7 
10
817 208 794 927 33 899 911 513 163 246 
0 1 2 2 0 3 6 7 2 9 
10
995 577 381 342 679 178 994 679 265 56 
0 1 2 0 1 4 4 4 8 7 
10
368 43 540 52 30 417 896 187 155 387 
0 0 1 2 4 1 2 5 3 8 
10
147 660 362 115 847 643 335 332 250 184 
0 1 2 3 1 3 2 7 3 3 
10
857 656 734 560 428 945 825 466 522 535 
0 1 2 0 0 5 6 7 6 4 
10
343 462 417 879 180 387 85 755 296 226 
0 1 0 3 1 5 2 2 7 3 
10
930 515 242 219 43 384 380 415 392 718 
0 0 0 3 2 5 4 6 0 8 
10
74 114 71 190 442 805 279 402 310 90 
0 0 2 1 1 5 5 0 2 8 
10
767 364 192 360 458 893 750 942 828 848 
0 0 1 3 4 1 4 5 7 3 
10
601 865 78 977 156 942 589 497 772 451 
0 1 2 3 2 1 6 3 1 3 
10
686 286 366 476 878 775 895 599 849 295 
0 0 1 2 3 4 0 7 0 1 
10
76 528 340 730 65 331 744 281 785 443 
0 1 0 1 2 2 1 6 0 3 
10
612 935 895 198 859 34 409 677 943 355 
0 0 2 0 4 0 2 2 5 0 
10
604 498 215 798 212 445 295 389 123 59 
0 1 1 0 3 1 0 4 2 8 
10
295 916 992 594 237 990 78 4 297 151 
0 1 0 0 2 5 4 7 1 0 
10
259 542 910 460 515 814 568 608 348 632 
0 0 2 3 4 2 4 0 4 8 
10
991 770 322 687 397 589 953 125 926 517 
0 0 1 3 2 5 2 2 8 5 
10
64 774 65 209 849 219 591 151 75 436 
0 1 2 3 3 0 5 7 2 2 
10
647 302 665 48 240 801 106 549 605 252 
0 1 0 3 4 1 1 5 4 4 
10
830 670 982 777 61 782 671 312 93 728 
0 0 1 0 1 3 2 4 6 9 
10
211 599 1 813 601 750 413 401 597 980 
0 0 2 3 0 2 1 1 4 7 
10
652 355 387 705 346 577 805 687 428 245 
0 0 2 2 1 2 5 0 6 0 
10
737 305 395 352 456 709 377 590 408 848 
0 0 2 3 0 0 2 4 8 0 
10
588 904 561 904 691 634 810 524 405 517 
0 0 0 0 0 0 4 3 2 4 
10
788 410 38 55 420 875 355 452 812 26 
0 0 1 1 3 4 6 5 3 9 
10
877 307 664 112 825 841 664 11 752 931 
0 0 1 3 1 2 0 0 3 9 
10
542 82 561 943 438 990 697 319 234 465 
0 0 1 3 2 2 1 3 1 7 
10
85 955 416 139 224 232 128 532 196 45 
0 1 0 0 4 1 0 7 8 8 
10
479 677 928 986 39 826 331 159 246 111 
0 1 0 1 0 2 6 5 5 8 
10
530 663 173 252 152 801 845 390 433 375 
0 1 0 0 4 4 1 1 1 6 
10
627 563 170 56 636 747 280 229 691 34 
0 0 1 0 2 2 5 1 1 5 
10
137 322 143 819 359 120 581 463 10 541 
0 1 1 2 2 1 2 6 7 3 
10
779 755 438 755 683 400 871 624 440 853 
0 1 2 0 1 4 5 7 1 3 
10
539 990 542 165 863 443 867 308 172 896 
0 0 0 0 3 3 1 6 7 4 
10
337 770 172 593 605 900 763 16 444 251 
0 1 1 1 0 0 4 4 3 6 
10
702 850 858 300 805 707 380 796 133 467 
0 0 2 0 3 2 1 3 1 7 
10
659 792 784 833 796 533 82 676 826 342 
0 0 0 3 4 2 5 5 7 6 
10
611 563 704 778 542 99 174 831 639 643 
0 0 1 3 4 1 2 3 1 8 
10
255 266 654 468 820 490 721 412 917 724 
0 0 0 2 3 3 0 2 8 3 
10
129 414 905 593 330 695 267 170 51 390 
0 0 1 2 0 5 1 3 6 3 
10
571 788 960 869 802 812 996 39 5 521 
0 1 0 0 3 5 5 1 5 6 
10
621 559 190 248 556 106 728 888 598 706 
0 0 0 1 0 5 6 4 2 5 
10
45 505 433 285 664 940 255 763 732 906 
0 0 0 1 3 1 6 2 0 1 
10
646 462 285 44 421 793 345 259 537 404 
0 1 2 2 1 3 4 1 7 4 
10
975 341 452 582 439 131 177 995 123 211 
0 0 0 3 3 5 4 7 3 8 
10
192 825 251 692 175 631 398 570 32 191 
0 1 0 0 0 3 6 2 5 4 
10
726 209 652 730 202 7 466 93 668 123 
0 0 1 2 2 5 3 1 0 4 
10
128 253 477 976 689 927 188 476 794 191 
0 0 1 0 3 2 1 2 0 1 
10
531 979 631 285 100 973 552 984 759 966 
0 0 2 3 0 4 3 2 5 4 
10
116 408 509 961 550 893 523 489 970 200 
0 1 1 1 1 0 6 2 2 5 
10
329 400 414 683 488 906 948 306 634 992 
0 1 0 3 2 5 5 2 1 9 
10
742 715 977 553 474 116 603 513 146 378 
0 0 1 0 3 3 1 0 4 7 
10
261 846 671 411 87 548 54 877 162 566 
0 1 2 2 2 1 5 1 0 2 
10
152 63 246 428 542 847 328 415 595 297 
0 1 0 1 3 2 4 0 3 3 
10
973 847 745 728 137 560 831 2 115 484 
0 1 0 3 2 0 6 5 7 8 
10
367 852 679 219 895 153 845 297 100 658 
0 1 0 2 3 0 4 0 1 7 
10
88 758 814 976 753 629 763 925 960 207 
0 1 1 1 3 4 4 1 7 1 
10
448 346 546 61 701 646 863 853 334 219 
0 1 0 0 3 0 6 5 4 7 
10
993 920 824 364 397 735 984 944 523 680 
0 0 2 2 3 5 6 5 1 1 
10
569 121 154 690 98 759 579 971 947 590 
0 0 1 2 0 2 2 4 0 4 
10
182 205 260 923 855 585 915 306 760 982 
0 1 1 2 2 4 6 3 5 3 
10
930 878 841 855 324 134 46 782 876 515 
0 1 2 1 2 4 1 2 8 5 
10
994 733 907 71 626 914 390 12 96 568 
0 1 2 3 1 5 2 5 1 1 
