100
11 5 16 5 0 0
3 1 3 2 2 0
3 1 3 2 1 0
2 1 5 1 1 1
92 1 24 45 0 4
85 1 47 71 1 23
88 7 48 60 0 0
99 1 99 50 0 1
64 4 11 34 1 6
76 1 63 34 4 4
96 23 70 34 2 18
93 1 98 46 0 1
96 1 96 48 0 1
95 4 23 34 0 0
98 1 97 48 0 1
25 9 59 48 16 4
85 1 85 43 1 1
90 1 90 44 0 1
97 1 31 51 0 3
83 7 14 42 2 14
93 1 92 46 0 1
74 13 21 37 5 10
98 1 46 49 0 2
15 5 44 9 15 1
92 1 93 47 0 1
94 1 90 46 0 1
67 1 100 53 4 28
99 1 93 49 0 1
52 1 75 23 3 2
99 1 98 50 0 1
98 1 100 83 3 15
93 1 97 45 0 1
21 1 73 11 2 1
98 1 45 51 0 2
70 1 68 37 3 3
100 1 30 53 0 3
90 1 100 46 0 1
92 1 19 23 0 0
99 2 2 8 0 0
91 1 45 45 0 2
98 1 93 50 0 1
36 41 85 76 28 49
75 1 39 43 2 5
80 15 55 89 33 87
91 1 22 45 0 4
100 1 23 50 0 4
100 1 32 50 0 3
100 1 50 52 0 2
40 1 23 24 1 5
92 1 91 45 0 1
99 1 97 49 0 1
78 1 42 42 3 6
28 5 50 7 0 0
91 1 91 46 0 1
97 1 99 49 0 1
94 1 31 46 0 3
94 1 30 46 0 3
59 5 80 74 3 50
97 1 96 48 0 1
91 1 90 44 0 1
83 1 82 40 1 3
98 1 94 48 0 1
95 1 24 47 0 4
57 1 36 91 2 42
96 1 96 47 0 1
99 1 93 50 0 1
97 1 45 49 0 2
91 1 93 44 0 1
92 1 97 47 0 1
95 1 46 49 0 2
92 1 96 46 0 1
45 1 39 19 2 5
99 1 91 49 0 1
96 1 96 49 0 1
98 1 31 51 0 3
99 1 50 48 0 2
100 1 92 49 0 1
95 1 90 48 0 1
42 1 71 85 3 49
98 1 23 48 0 4
90 1 96 46 0 1
100 1 32 53 0 3
97 1 93 48 0 1
99 1 95 48 0 1
22 1 73 8 1 3
91 1 90 46 0 1
95 1 90 46 0 1
92 1 98 45 0 1
99 1 23 48 0 4
64 7 84 90 54 3
98 1 93 58 2 38
26 1 28 13 4 2
40 1 74 23 3 4
98 1 95 48 0 1
97 1 92 47 0 1
69 27 84 82 3 4
99 1 90 50 0 1
26 1 60 13 3 2
96 1 22 47 0 4
97 1 96 49 0 1
