100
20
1
123
1100000
1100
11
222100000
201
1401265
010001000
1000000
021200
222111000
223
001001000
100001000
000100010
402000
01000000
000110000
111111
844398915
1111111
000010010
001100000
51343
100010000
1011
43520
1200030
101000000
11000000
521100000
432000000
011000000
010000000
110000000
01000
01
1003210
100100000
000000101
111
41000
256324
001000001
000001100
101000
000000011
10000000
001010000
11000
15000
211110000
100
1000
000010100
11111111
0111
100000001
010000010
010100000
010
010000001
626645
1111
120211110
001000100
000010001
010010000
100000000
10000
000101000
11111
000000110
010000100
000011000
221111000
322110000
110000
100000
100000010
000100100
100000100
001000010
0201003
521000000
000001010
4263532
000100001
110
10
000001001
11021
111111111
0100
0100000
3211
321100000
010000
