100
20
1
123
101
31000
023
31100
030
10001
10102
01000
20210
120
003
40010
0003
0101
0011
00113
22100
01100
002
0102
0004
201
110
00001
11111
1011
1111
10003
0031
033
1401
02100
020
1101
32000
03200
00211
33555
333
0112
10121
00013
0310
11
0040
3032
1201
20002
011
21000
00101
100
3001
2100
010
03100
0130
001
01040
21011
2412
4000
10010
22000
53535
012
11120
10100
1002
02012
01
1000
222
0030
111
0022
2011
300
2002
01300
01010
0100
11000
01001
21100
1020
10000
102
00011
200
10
00110
210
1100
41000
10013
11001
