100
20
1
123
10130
30020
02002
11000
0120
0111
01000
10111
4000
0100
13010
002
0210
11
02110
1300
0300
00320
01100
2101
112
01021
22000
41000
2000
10000
030
10
41400
3010
00002
10010
01011
01400
32000
20000
102
02030
02003
220
01010
120
13001
04415
01
1120
10101
21110
11011
1000
1111
010
0220
200
10100
0031
2001
2100
21000
00110
211
0013
31100
30200
40100
0201
210
00100
30001
012
00230
020
111
1010
00003
110
01110
2011
22001
4233
01001
0121
10001
100
1134
0433
11111
101
213
4440
1100
1003
00011
300
02000
00101
22100
