100
4 3
4 5 6 4
4 2
4 5 6 4
3 3
1 1 1
100 3
93 41 22 51 98 73 27 8 59 74 35 7 96 14 73 56 26 77 85 98 17 60 32 98 17 70 44 63 40 41 17 76 50 20 71 95 56 65 41 41 82 97 77 4 47 41 73 16 79 2 50 38 41 8 64 26 48 14 17 4 74 98 53 41 30 85 16 59 86 62 62 47 14 5 12 20 92 30 35 8 53 48 92 50 81 6 29 91 62 47 47 62 71 54 86 92 90 92 53 80
100 3
94 65 67 91 26 26 61 26 81 11 40 2 22 34 65 82 27 76 73 34 59 73 34 47 49 26 49 55 59 37 43 98 13 67 73 49 22 61 45 84 22 61 52 60 26 85 59 42 78 1 80 40 45 69 67 58 45 43 50 56 82 89 67 11 53 80 13 31 52 58 74 75 25 92 10 28 4 49 25 49 62 74 67 16 14 28 23 62 73 40 85 43 22 46 55 56 38 73 37 25
100 3
53 50 59 26 86 97 9 31 23 57 46 10 28 40 46 62 27 23 35 98 86 26 98 23 19 12 66 50 5 36 77 29 47 33 59 53 69 56 19 88 19 50 62 76 15 94 78 87 34 2 71 95 95 32 40 74 29 77 89 87 71 17 89 40 71 15 71 49 44 98 71 59 54 59 67 98 47 66 49 23 27 7 78 77 39 89 88 41 20 80 89 77 42 26 28 62 52 92 97 80
100 3
35 29 65 85 23 8 20 44 15 47 38 55 74 20 95 35 45 35 35 68 14 8 35 5 98 58 83 59 94 11 51 95 35 74 68 92 56 2 61 92 50 61 64 86 92 97 40 53 2 63 53 71 2 63 21 15 2 92 85 68 8 62 86 41 46 92 68 70 16 43 25 24 92 92 22 86 14 25 74 53 50 53 25 17 23 11 74 15 66 41 62 56 62 47 50 58 20 62 89 68
100 3
20 49 31 1 1 55 40 10 10 31 95 25 31 11 96 55 58 83 2 74 98 28 78 4 82 51 22 88 78 95 61 13 82 13 25 85 7 14 80 61 19 22 70 77 4 18 50 77 58 31 88 65 20 97 57 58 20 7 1 64 82 86 84 16 91 58 38 86 82 3 70 16 31 73 1 46 45 79 92 13 94 92 31 82 20 42 40 2 27 35 4 77 73 46 80 35 85 73 19 9
100 3
78 12 37 54 73 52 83 64 67 58 83 29 25 23 31 16 26 25 73 90 65 70 84 52 92 58 31 40 49 88 55 85 29 73 22 13 7 80 76 43 16 23 10 1 31 4 5 43 49 13 95 38 91 10 54 19 1 34 56 38 71 73 9 68 86 46 3 52 73 1 35 8 77 55 23 25 76 43 88 49 32 22 19 35 61 38 43 77 78 34 4 62 73 31 17 55 70 67 8 91
100 3
94 25 17 34 91 58 9 73 79 57 70 65 88 73 22 32 23 10 47 11 60 37 7 4 59 26 62 90 19 25 43 91 13 94 1 20 10 58 94 73 51 46 11 7 88 73 4 82 37 80 46 84 51 8 10 97 37 64 83 52 94 63 4 58 2 94 64 70 17 22 85 22 17 47 40 76 17 55 62 85 37 98 64 10 54 32 56 68 92 15 73 3 80 55 10 64 7 4 35 4
100 3
44 32 14 98 68 32 76 88 56 86 37 35 8 69 98 52 25 87 14 8 55 78 44 4 8 32 74 66 16 17 2 58 6 52 74 80 49 52 56 53 89 59 82 68 47 5 11 41 86 86 65 83 49 83 17 71 40 89 60 5 33 92 49 62 86 92 35 84 20 29 95 23 32 37 11 54 62 16 86 26 20 49 95 23 62 58 34 11 77 2 14 98 17 98 57 43 44 2 58 88
27 3
89 22 27 71 98 46 83 65 53 21 50 29 10 90 80 52 68 95 1 93 38 78 95 91 58 28 29
15 3
95 79 76 39 59 26 35 63 83 25 84 67 92 82 82
100 3
45 83 17 14 46 4 61 70 8 79 49 98 37 28 23 56 59 38 92 17 77 94 86 38 53 49 55 23 85 80 29 58 41 35 44 18 41 97 70 11 16 77 19 71 20 31 12 31 50 8 14 54 97 97 62 17 68 53 40 87 67 25 14 39 25 23 79 80 56 92 79 98 23 13 17 80 93 71 10 47 76 35 8 51 85 47 8 21 27 61 69 35 47 97 50 32 53 77 3 7
100 3
47 62 27 39 23 25 98 80 47 28 94 68 59 46 5 23 43 81 49 85 67 5 92 97 64 20 10 43 77 85 92 57 23 78 17 74 20 97 92 65 70 57 20 52 7 13 58 11 98 56 2 70 73 92 48 32 14 71 98 86 61 8 31 25 10 34 97 17 31 77 7 77 50 95 71 66 92 88 47 82 38 61 34 88 98 67 62 65 89 56 38 26 98 86 53 21 26 75 93 23
100 3
92 95 89 92 47 92 35 44 92 71 22 28 98 79 17 26 14 41 80 2 42 25 77 18 50 26 73 23 76 83 2 89 19 95 97 44 68 93 50 53 55 58 17 46 8 91 95 27 17 32 79 47 68 88 92 98 65 79 17 59 4 56 2 40 22 26 74 14 15 16 20 65 96 77 61 98 11 92 89 37 59 4 98 10 77 2 47 76 62 89 74 89 5 98 32 26 32 4 1 17
100 3
16 22 59 91 59 55 88 58 21 21 46 81 4 97 16 92 73 7 93 16 2 16 67 59 34 37 72 46 43 25 79 21 28 89 49 37 72 79 35 13 19 1 40 11 13 82 82 32 87 62 31 49 31 32 86 94 16 52 56 71 76 4 92 3 2 67 50 82 11 4 61 69 67 73 65 62 8 84 67 1 1 17 73 70 39 28 29 46 64 72 17 29 94 26 29 26 68 79 34 98
100 3
60 82 67 88 14 65 25 29 35 79 34 5 52 25 10 3 10 86 19 85 20 97 25 22 95 88 31 14 15 58 76 22 1 85 52 41 8 97 86 91 32 80 51 84 73 25 86 25 7 61 22 23 40 71 98 92 89 28 77 79 82 7 77 2 11 82 64 58 41 31 34 7 26 19 25 20 70 61 97 44 9 73 76 91 33 25 20 53 29 41 34 62 10 25 70 79 67 59 31 76
100 3
46 25 4 10 43 19 47 5 1 23 23 52 44 7 41 76 28 61 25 67 8 55 28 41 79 63 60 56 70 47 86 28 79 20 97 64 28 70 97 22 4 76 25 29 83 61 85 59 40 59 73 22 23 26 87 92 40 76 43 74 81 76 71 79 85 88 7 55 28 49 80 13 22 44 36 71 85 10 94 26 52 58 88 88 62 10 37 16 81 26 36 46 76 32 24 88 96 34 46 70
100 3
5 15 47 53 22 59 59 40 29 89 74 29 2 79 20 23 14 68 96 83 94 23 89 93 8 20 21 74 73 42 23 92 47 59 17 31 38 34 79 38 20 97 68 47 28 53 2 50 16 52 76 79 74 7 15 65 44 92 59 7 32 38 82 97 80 81 34 5 41 66 3 16 51 11 8 65 66 47 13 2 80 67 13 10 71 49 35 62 74 53 89 33 26 77 79 52 56 20 35 14
100 3
1 14 89 58 95 41 74 14 8 86 46 83 25 83 95 25 69 65 13 49 11 32 75 85 32 65 41 26 17 95 2 71 23 1 41 95 68 71 52 97 33 34 83 29 70 94 39 37 14 65 35 56 32 74 70 15 43 89 56 5 44 76 46 42 80 11 97 47 65 50 10 42 95 95 41 2 41 31 47 52 17 62 11 80 43 48 44 29 55 46 32 26 66 44 47 47 67 57 95 31
100 3
55 8 6 97 74 55 67 64 16 49 94 34 28 26 43 91 38 69 97 73 94 98 37 70 4 49 1 57 61 83 28 43 86 75 46 2 88 97 64 2 76 78 98 88 73 82 70 81 4 40 56 64 26 4 46 94 17 52 52 13 94 52 61 88 51 95 7 4 33 88 79 25 16 31 89 40 41 70 20 31 19 69 73 89 8 1 64 37 97 32 85 40 67 92 22 13 34 47 1 65
100 3
32 58 69 52 46 34 80 26 85 61 69 22 2 41 8 72 8 14 48 89 50 29 47 55 11 74 68 44 28 38 17 29 9 3 91 96 35 5 98 35 17 78 5 20 55 80 23 77 59 95 53 52 98 47 46 76 6 79 83 61 14 26 5 89 95 60 53 6 85 40 10 37 77 91 79 95 2 70 57 5 47 65 62 17 34 37 22 63 28 80 63 16 5 69 90 4 1 35 32 1
100 3
68 62 38 74 54 95 85 8 61 17 23 13 23 92 25 17 8 79 50 91 59 34 95 53 16 59 56 29 12 6 46 21 41 31 89 38 64 2 50 86 59 26 70 44 68 17 83 68 22 18 33 60 36 28 69 82 59 58 22 61 89 80 35 8 41 44 45 5 60 32 92 23 8 49 68 14 96 41 59 26 11 40 71 73 6 59 32 52 95 58 74 86 80 65 53 74 80 86 4 80
100 3
10 82 16 86 7 65 20 58 96 69 71 56 50 19 83 41 23 20 46 70 86 5 18 91 45 28 37 58 8 25 13 61 13 46 72 17 85 36 11 5 97 75 59 55 67 29 67 37 41 79 37 50 79 27 13 25 64 1 19 51 71 49 76 23 80 61 6 74 31 8 28 47 65 39 68 62 1 53 55 79 29 33 98 71 37 29 18 64 98 49 4 55 85 86 32 71 40 51 34 16
2 3
46 22
100 3
4 6 95 30 21 3 62 85 24 75 90 91 95 60 98 63 8 75 1 31 26 44 43 97 33 70 71 65 93 86 15 49 90 22 16 70 60 19 53 91 22 34 43 26 41 12 24 50 58 14 52 56 85 63 98 47 92 49 89 25 60 72 59 40 96 86 71 29 97 65 82 93 54 38 18 13 32 12 92 58 56 15 90 48 7 54 17 72 42 48 29 74 49 28 58 45 28 44 50 85
100 3
5 58 51 38 94 17 45 13 23 23 23 46 91 65 74 95 34 44 13 77 10 11 49 31 87 79 92 21 53 98 83 2 73 21 62 11 25 1 44 44 56 61 47 16 37 2 10 44 56 20 8 29 36 44 11 35 20 62 50 1 86 52 19 50 14 91 50 20 98 28 92 89 29 24 23 42 92 62 31 3 10 89 47 97 20 22 59 38 53 80 18 65 69 23 52 35 86 73 83 47
100 3
10 19 9 40 97 88 56 83 52 25 67 76 31 10 25 34 94 31 19 35 40 40 34 29 6 94 55 72 4 69 10 70 12 67 22 17 68 20 58 44 32 29 59 88 37 11 25 79 70 4 5 9 58 38 88 79 76 70 34 22 21 34 8 88 2 40 58 40 54 98 19 17 52 40 52 41 23 34 84 50 48 45 73 58 70 85 40 28 41 93 83 94 7 73 59 61 28 29 49 14
100 3
58 61 83 22 44 10 38 7 91 48 3 1 19 10 39 80 43 19 80 91 46 85 9 26 69 74 98 47 40 78 69 26 70 46 88 84 90 61 86 28 62 52 10 3 29 88 67 45 31 11 25 64 61 49 49 32 37 44 71 7 91 20 19 41 55 13 73 94 94 10 73 88 4 14 36 31 22 30 19 14 94 79 47 20 7 97 57 12 58 75 43 98 54 34 5 58 65 49 89 15
100 3
88 17 86 28 92 1 83 52 2 68 79 62 86 55 83 64 52 2 59 62 64 92 26 36 44 52 83 34 5 42 38 28 28 55 36 82 4 42 55 49 1 29 73 2 34 19 4 43 76 16 91 11 46 71 28 13 80 94 75 71 40 29 56 32 32 88 61 25 56 49 91 56 39 26 1 62 80 91 14 13 3 76 13 7 83 59 62 34 79 70 59 73 31 60 30 22 14 82 22 34
100 3
23 94 28 31 63 40 19 79 3 27 28 21 92 34 91 7 56 80 47 98 71 94 7 62 68 34 46 70 4 1 41 89 35 46 31 19 34 5 43 69 40 62 92 15 20 40 85 26 82 49 13 73 17 19 82 64 78 1 26 79 64 16 7 61 49 10 64 73 34 19 9 7 64 43 16 78 47 10 1 43 50 1 28 35 25 80 48 64 65 58 91 88 97 4 70 52 88 19 73 13
100 3
31 25 98 89 49 13 25 76 27 47 48 51 40 39 94 11 70 7 62 37 73 94 25 76 35 14 92 61 88 67 34 53 28 88 15 55 62 8 82 97 43 52 61 31 15 1 64 64 7 30 4 70 50 91 4 34 86 13 67 70 72 37 34 17 61 1 54 24 49 37 70 97 25 22 12 1 67 92 94 47 48 22 16 19 34 34 37 49 85 55 49 37 3 47 78 3 61 77 64 61
24 3
52 95 62 73 10 31 22 76 74 82 28 34 38 88 17 56 13 97 17 34 79 82 43 4
100 3
38 94 32 82 61 27 96 28 61 32 58 98 89 80 22 24 50 77 33 55 20 56 32 86 52 44 32 71 16 61 45 85 23 49 58 88 14 89 46 59 41 70 92 25 50 47 68 13 55 56 82 40 29 62 86 83 96 72 29 26 48 89 52 57 89 71 95 20 67 4 90 52 32 94 50 74 7 56 32 89 29 92 71 51 17 78 48 37 68 71 26 28 91 41 37 92 44 82 53 68
100 3
79 60 25 7 38 79 49 66 64 22 34 29 55 26 91 29 59 46 98 76 7 22 97 98 94 43 16 25 28 89 89 76 52 59 23 18 16 64 46 43 41 28 14 73 55 40 25 47 59 38 52 52 11 79 72 7 39 53 71 71 52 53 37 61 56 36 17 68 82 70 43 73 13 68 1 52 61 4 30 28 40 23 81 19 74 97 14 7 95 70 21 52 13 53 83 47 34 16 58 83
100 3
4 37 64 21 41 17 91 4 61 52 61 23 58 1 19 67 4 61 37 13 34 5 94 53 12 96 35 7 23 25 76 10 19 85 2 3 64 22 31 31 70 30 29 25 73 82 23 34 86 53 44 5 2 7 70 64 80 72 97 73 10 22 43 76 31 71 18 34 49 58 84 29 91 23 37 64 93 79 20 40 52 15 16 80 55 28 91 20 8 92 31 82 86 7 53 2 59 59 59 71
12 3
85 65 43 68 29 29 46 34 17 11 25 1
2 3
50 62
100 3
41 7 10 58 76 8 58 72 62 56 5 75 58 20 90 71 81 22 58 62 88 40 1 37 25 50 55 49 82 7 81 64 67 4 40 70 43 20 85 32 73 13 31 38 16 93 74 89 80 8 48 40 5 63 88 46 91 79 70 8 8 68 89 36 46 8 65 33 34 67 52 19 91 28 40 22 3 10 97 43 85 17 67 45 22 83 85 76 93 55 36 19 44 35 88 30 16 8 13 4
100 3
16 16 7 55 57 56 30 40 92 4 7 35 15 67 10 91 49 95 65 46 76 96 29 41 22 59 34 88 4 52 50 4 25 67 31 59 52 43 87 1 38 79 1 65 76 70 28 50 28 58 1 58 43 28 18 85 14 1 8 76 11 55 22 59 82 8 61 22 85 60 94 25 53 31 22 18 64 72 25 36 49 5 33 47 32 97 7 98 49 40 58 3 31 90 46 13 47 73 25 82
1 2
28
100 3
10 26 46 71 58 50 40 76 83 82 30 94 10 14 45 88 10 64 62 33 22 50 94 50 73 23 10 71 59 85 84 37 29 85 89 1 7 7 71 55 31 37 31 14 33 32 55 28 40 71 98 70 34 89 11 1 22 17 79 4 43 28 13 5 2 30 77 19 91 57 59 43 31 33 10 73 19 52 11 25 83 31 38 77 34 2 22 49 49 55 82 4 75 94 82 94 22 16 40 19
100 2
65 4 27 95 64 14 48 3 7 20 4 93 13 30 70 38 56 27 49 39 3 52 39 40 68 69 18 51 99 92 51 39 75 66 41 49 54 1 92 86 46 72 73 60 27 89 10 66 14 57 11 42 60 46 68 60 30 46 61 12 77 89 21 91 68 51 75 29 32 95 27 80 64 31 3 47 86 6 72 83 13 83 92 47 29 33 50 74 66 12 36 35 11 38 79 24 23 38 33 68
100 3
53 25 38 16 19 38 87 74 74 35 37 98 46 77 50 73 68 38 98 53 47 66 17 41 78 32 38 46 20 28 14 74 91 86 2 56 62 65 35 34 83 41 42 46 64 47 66 77 41 65 47 36 10 89 72 18 65 68 14 17 17 34 6 65 16 37 26 32 32 97 41 26 46 77 53 76 74 95 10 44 20 44 44 2 62 3 26 26 14 77 89 16 60 58 89 70 1 17 40 55
22 3
47 11 46 45 73 39 70 52 26 17 80 61 29 47 69 8 44 93 76 29 50 82
100 3
11 1 55 25 13 50 57 11 7 61 52 85 61 40 35 61 62 41 46 97 78 25 31 82 49 7 19 40 65 42 7 14 31 10 76 59 62 11 65 11 43 58 22 82 43 70 40 11 55 58 94 37 25 1 40 8 10 10 7 81 16 26 5 4 4 7 37 34 7 16 8 55 43 25 11 32 40 52 92 59 20 59 43 5 73 62 12 85 66 49 33 68 47 58 34 20 64 69 61 20
100 3
47 47 94 19 7 44 25 28 4 32 26 73 19 34 36 46 17 34 37 28 35 86 25 13 97 34 82 73 93 41 41 7 1 92 26 13 75 31 25 67 46 94 31 68 88 73 94 43 15 74 52 31 55 58 98 17 77 55 98 67 88 41 34 20 43 19 58 86 64 92 94 88 29 36 52 44 86 13 55 55 61 16 1 64 10 7 9 64 91 76 59 10 28 8 94 55 4 53 28 86
1 2
27
100 3
97 22 68 46 41 78 65 29 35 46 70 43 73 71 14 7 88 64 7 54 98 88 1 28 26 67 19 26 95 77 2 16 95 95 95 74 88 91 28 82 67 54 94 16 83 23 48 11 62 90 14 49 92 9 13 70 79 1 74 28 50 53 5 25 61 53 35 13 89 41 28 58 70 79 1 1 31 61 92 25 58 80 46 29 17 4 91 26 52 16 67 7 42 49 82 61 49 58 82 1
100 3
26 35 10 26 92 20 98 61 72 74 3 35 26 75 85 56 14 83 8 2 64 72 95 86 56 62 33 76 80 53 26 30 68 49 23 29 81 68 90 20 8 80 22 88 54 97 65 17 50 97 71 35 56 62 41 20 55 91 74 65 69 55 42 52 2 80 28 21 38 73 65 56 35 83 92 5 4 71 82 23 17 58 77 34 82 65 64 57 2 76 77 58 8 74 97 65 5 62 32 14
100 3
28 46 52 91 77 9 52 61 25 68 25 94 32 26 59 56 34 93 19 84 29 61 91 5 58 31 57 1 67 22 1 21 19 37 89 37 16 69 88 24 76 31 25 54 19 1 97 10 49 34 28 1 63 64 88 52 29 13 3 67 79 56 23 20 76 19 55 54 90 30 37 68 58 16 98 64 43 19 15 53 54 31 44 90 7 76 25 38 94 60 64 34 28 37 65 4 25 71 76 71
100 3
86 88 76 28 37 55 52 13 81 7 58 3 16 97 11 16 79 47 8 46 39 62 76 46 61 85 15 55 77 75 77 46 3 4 64 41 52 92 52 65 64 20 34 91 97 63 95 64 55 28 85 52 28 85 76 65 31 6 13 34 46 83 82 19 78 98 67 74 44 53 31 56 58 83 69 16 73 11 4 70 22 32 31 73 52 58 73 73 26 31 35 10 34 59 40 25 89 57 34 10
100 3
56 13 31 1 59 59 79 67 14 46 79 98 29 62 92 91 64 70 31 46 38 58 4 79 76 10 38 14 73 97 39 75 70 37 83 2 88 43 16 64 19 37 7 31 11 22 44 47 59 34 91 1 49 4 6 43 55 19 40 88 90 2 76 55 39 19 34 68 34 52 16 80 92 40 61 47 13 82 67 76 50 7 49 43 40 35 89 25 64 39 28 49 77 43 95 4 77 64 37 64
100 3
20 23 11 86 56 74 11 27 11 41 35 76 55 81 22 56 94 68 40 23 24 40 44 80 41 98 44 4 41 34 43 49 61 74 53 10 23 32 19 28 34 49 86 25 59 47 9 67 7 95 64 98 5 74 59 32 38 1 92 11 31 9 43 88 68 56 83 52 5 80 38 3 45 21 5 17 56 11 86 52 53 48 50 53 77 74 56 18 20 76 23 14 5 7 74 23 20 59 12 53
100 3
7 71 16 65 88 54 80 2 69 56 68 38 38 5 2 24 74 88 13 39 68 98 5 85 20 74 89 37 53 29 28 50 11 92 71 53 91 76 65 26 56 22 53 95 77 29 65 20 17 59 44 76 66 2 48 94 41 85 46 31 83 5 68 92 45 95 38 84 57 59 26 45 41 97 58 1 86 18 83 80 56 98 35 50 17 71 85 74 92 17 13 23 22 76 68 85 53 90 86 88
18 2
28 48 84 75 80 30 12 5 52 87 99 84 51 73 48 44 51 61
1 3
91
3 3
95 65 32
100 3
34 25 81 56 20 98 19 35 65 53 25 73 62 31 60 78 68 66 10 55 74 92 22 34 79 5 85 6 63 16 92 53 61 25 52 89 83 86 16 46 71 56 55 94 7 60 91 40 58 25 47 98 97 91 41 13 7 46 7 85 10 37 64 19 32 33 22 64 45 47 88 69 79 88 43 96 91 20 47 69 6 1 52 52 4 2 2 77 64 91 46 85 35 61 85 22 82 43 70 34
20 2
33 5 26 91 40 62 39 10 20 43 57 96 60 4 39 68 47 60 7 64
100 3
62 53 39 92 53 71 34 86 5 26 85 68 76 70 65 29 44 76 33 55 2 89 98 77 32 38 44 2 26 34 8 21 2 8 95 2 29 10 29 23 98 23 22 29 30 18 26 65 88 5 37 28 14 59 70 17 52 68 72 26 27 93 23 1 73 92 77 11 48 43 90 82 20 68 15 29 50 76 55 92 23 58 23 13 8 80 63 67 14 84 92 29 70 98 80 33 91 2 82 38
1 3
35
100 3
40 42 80 49 4 50 38 20 43 98 11 26 92 2 58 20 82 86 64 79 10 59 37 52 79 86 1 98 9 56 78 68 50 86 69 14 44 74 10 11 88 92 97 46 54 14 86 56 74 17 83 68 25 8 44 50 20 32 94 44 50 91 11 89 26 49 76 29 37 8 50 1 59 76 74 29 44 82 71 38 85 27 31 92 74 20 67 52 74 5 7 13 7 36 35 80 56 4 20 86
1 3
30
100 3
76 58 88 61 71 63 71 65 40 58 29 82 62 58 13 65 27 83 4 5 58 73 75 22 98 16 82 70 49 98 55 31 26 47 50 83 4 79 14 53 64 93 76 15 68 61 76 91 16 88 71 76 46 34 54 71 55 63 28 46 94 88 7 44 60 76 97 9 34 58 22 31 28 43 67 94 76 7 10 73 26 58 64 62 49 56 47 69 94 13 67 70 86 53 4 49 47 20 19 61
15 3
25 23 93 26 44 80 38 61 79 7 59 16 92 17 50
100 3
20 79 12 61 91 22 46 7 58 65 55 40 91 71 70 1 46 86 67 35 79 35 20 63 85 16 92 28 19 88 31 88 98 35 66 12 46 89 55 76 42 18 72 97 97 14 34 67 56 98 62 13 63 52 56 72 31 68 34 76 22 5 10 75 38 56 37 91 76 52 26 62 49 64 32 2 40 20 23 16 3 7 51 7 10 10 94 85 4 1 84 74 25 1 97 2 82 96 7 46
100 3
4 79 16 1 23 16 34 58 82 85 76 76 48 32 41 14 58 4 50 10 16 46 91 28 87 95 63 22 67 52 73 92 71 67 85 79 34 98 34 82 77 48 4 13 18 49 96 14 38 19 10 84 64 2 46 42 37 49 17 1 73 80 79 7 28 45 74 4 94 56 70 67 1 80 55 24 74 41 74 27 43 24 89 10 25 11 28 13 28 10 13 47 13 91 50 67 63 46 37 29
100 3
62 69 64 11 31 14 10 51 50 20 65 60 56 64 73 38 41 81 56 98 59 88 22 27 47 20 72 32 38 32 9 74 35 2 17 74 96 45 48 53 41 80 25 40 41 44 62 86 65 77 53 11 89 17 80 12 33 26 56 10 35 41 44 28 9 50 62 81 29 20 20 83 59 92 47 5 32 88 50 98 86 17 35 35 43 14 57 85 49 80 31 60 46 59 78 56 62 76 92 86
100 3
96 46 88 22 10 34 17 34 71 13 13 47 70 97 20 46 72 26 30 82 31 43 76 22 5 75 96 59 35 4 4 74 80 40 79 1 26 79 31 82 74 22 28 1 8 55 53 16 74 20 5 58 20 55 94 38 18 37 34 83 52 68 70 62 73 83 27 31 79 86 73 79 28 62 93 1 61 17 10 92 10 94 78 94 40 79 7 56 44 43 90 19 34 83 71 4 40 1 46 63
100 3
89 88 27 14 62 61 64 47 59 83 65 89 14 43 25 77 66 94 59 13 98 27 26 85 53 23 7 19 74 98 83 56 34 41 89 95 52 47 14 5 67 77 68 81 95 73 2 20 28 82 98 9 14 80 92 77 22 1 62 49 65 68 98 4 83 89 23 26 26 70 23 59 17 16 95 35 37 56 48 59 38 25 43 81 4 20 11 65 54 38 34 46 17 17 80 42 17 71 1 17
100 3
88 84 19 14 80 67 13 49 82 26 25 91 89 52 91 10 91 26 83 5 37 52 73 64 80 88 55 60 67 55 44 7 34 80 16 61 29 25 94 29 13 50 80 4 55 62 85 61 79 65 37 9 92 22 61 10 41 22 55 23 98 49 67 54 74 5 91 29 4 57 69 31 38 43 49 43 77 55 31 73 76 47 43 98 46 55 89 37 59 40 22 56 68 22 52 79 52 57 8 50
100 3
44 31 82 22 98 91 10 73 70 6 46 19 42 69 50 25 28 65 2 10 85 88 13 79 89 58 34 55 38 13 28 1 58 95 28 76 83 73 40 55 2 50 84 98 79 7 88 22 53 8 73 68 19 13 36 70 29 22 62 58 11 85 13 48 7 52 52 39 73 61 19 94 43 28 50 64 46 6 58 63 34 13 6 23 76 95 75 76 34 49 49 1 69 64 26 55 50 88 35 43
100 3
83 38 83 43 37 26 89 40 32 82 76 14 26 53 70 14 26 28 10 91 71 71 71 66 18 25 92 17 98 3 41 20 65 44 28 68 2 55 49 53 94 55 62 95 53 35 96 25 36 2 76 71 89 91 38 71 56 82 34 64 2 77 39 86 97 86 32 8 20 71 35 50 13 79 26 23 28 77 86 80 43 47 41 73 54 64 61 56 53 26 95 58 32 76 64 9 32 12 55 89
100 3
49 71 25 20 95 22 34 43 48 49 64 83 49 48 25 85 14 76 34 16 22 35 31 25 97 29 91 15 29 37 82 22 29 43 85 38 63 82 35 73 37 67 22 64 80 25 10 25 19 22 75 40 34 38 2 21 46 41 64 1 26 85 78 83 75 97 37 79 61 91 52 85 71 73 68 73 55 88 11 31 23 79 97 50 76 88 37 62 16 64 85 28 16 31 74 85 46 20 29 82
100 3
28 13 11 55 1 67 19 23 88 62 9 31 13 80 83 35 71 46 92 61 8 91 10 14 13 37 4 46 91 43 67 18 79 32 73 58 28 31 34 20 65 31 11 82 16 52 40 68 53 88 25 19 11 91 35 57 10 76 52 91 94 34 47 97 9 22 1 28 94 32 86 46 40 58 52 35 56 88 94 88 73 37 25 52 46 14 73 88 88 85 67 83 10 26 82 22 10 37 29 29
100 3
85 73 83 56 46 7 2 71 41 95 67 67 94 43 43 24 49 17 76 34 26 7 11 98 56 73 34 31 91 70 13 73 67 85 2 34 21 56 40 76 91 55 66 18 1 81 61 44 67 6 52 16 46 64 91 65 4 27 31 47 58 93 31 71 44 79 31 67 97 39 77 58 70 17 73 94 65 40 40 43 14 28 90 70 34 97 80 82 46 85 37 55 68 70 82 52 65 40 25 38
100 3
97 52 4 50 10 58 38 7 37 23 20 23 43 91 13 61 11 52 19 73 43 44 35 31 40 4 34 70 3 73 44 88 74 22 30 67 44 63 43 25 55 16 13 4 64 55 25 55 40 77 16 86 61 98 55 25 71 50 25 32 79 13 55 86 95 1 16 85 46 79 71 4 68 33 56 68 40 52 88 43 64 19 93 9 26 43 4 38 16 13 22 34 38 28 14 16 59 42 28 25
100 3
58 32 98 71 68 25 29 18 98 62 8 7 24 52 89 68 65 41 14 14 82 98 83 44 70 64 17 74 41 59 61 74 23 5 11 13 41 26 71 28 59 81 45 65 71 14 32 8 89 54 95 43 11 43 68 65 97 65 19 44 11 77 65 17 91 28 90 8 86 70 65 19 46 62 11 29 23 89 46 62 71 53 14 20 26 27 85 86 79 98 61 70 98 32 62 68 16 85 83 41
100 3
73 34 76 31 49 37 7 36 38 7 76 20 55 92 36 7 64 28 19 40 25 7 31 94 88 20 72 94 7 13 69 58 95 29 43 8 2 52 12 54 13 50 55 43 65 87 91 58 5 1 89 10 38 47 84 25 31 42 37 13 91 64 10 37 97 1 83 79 7 83 10 40 55 50 94 37 94 46 91 58 66 94 70 64 74 88 49 85 61 34 38 76 71 19 4 19 22 39 63 48
100 3
59 62 12 31 75 11 83 68 68 76 68 49 60 14 20 98 14 97 74 41 77 53 2 67 56 23 73 76 44 19 68 50 20 50 53 59 97 1 24 20 10 46 76 17 22 84 52 90 95 26 41 80 14 61 65 44 30 23 59 14 68 77 74 98 5 32 97 11 26 26 47 44 54 26 98 98 35 81 95 53 97 44 71 34 70 59 89 28 30 56 37 44 26 5 20 44 58 55 10 80
15 3
64 86 23 14 53 46 34 85 62 40 54 74 65 28 69
100 3
5 62 27 64 20 10 47 73 92 4 47 16 43 90 93 19 7 34 49 94 97 70 46 25 93 3 28 68 57 61 57 56 40 10 88 43 64 46 12 61 91 14 28 37 49 55 65 16 82 9 17 50 93 33 37 53 58 28 56 79 47 58 2 83 64 7 46 37 55 58 82 64 84 7 79 79 47 16 12 45 15 1 92 80 13 22 62 72 47 73 64 79 98 64 40 79 58 19 46 10
15 3
22 38 19 85 4 68 58 68 2 54 79 25 38 92 8
100 3
46 73 80 26 7 67 23 62 37 10 56 17 40 13 73 64 28 20 23 47 25 34 28 28 43 95 31 97 7 46 10 68 6 70 56 76 97 18 52 37 95 76 88 55 7 25 4 32 39 4 4 60 13 60 88 24 56 28 19 79 85 68 13 43 61 73 1 6 37 18 19 10 60 97 35 25 40 43 14 67 58 4 72 42 24 41 31 53 39 79 97 2 13 2 10 4 97 40 13 42
100 3
97 86 64 61 83 87 23 16 94 22 29 44 23 86 19 2 13 7 37 56 32 43 1 63 92 35 32 88 80 7 29 47 62 29 56 16 31 70 80 71 52 85 44 14 41 62 59 13 61 8 26 68 18 53 65 28 47 38 86 38 34 32 49 92 97 98 81 70 35 74 2 60 20 89 38 20 65 29 45 29 83 40 8 86 11 97 13 20 17 13 73 48 83 86 53 14 6 90 94 35
100 3
91 11 5 16 85 89 11 53 95 20 53 43 91 55 95 67 65 62 40 5 47 23 27 22 3 74 59 86 5 86 80 16 38 62 71 19 62 16 7 58 35 47 26 91 53 23 40 20 92 74 20 41 98 32 87 2 56 22 94 8 52 25 5 14 5 2 20 65 17 38 91 79 38 94 2 79 2 35 98 3 86 70 44 41 79 83 8 67 20 20 5 60 75 77 56 72 50 14 71 53
100 3
1 16 4 74 74 21 80 59 24 5 76 7 61 20 74 80 17 86 40 89 71 45 26 2 95 4 83 65 38 37 95 32 95 54 68 73 62 80 3 73 29 73 80 41 32 53 68 25 71 94 26 91 20 59 68 73 8 52 29 34 89 92 20 44 26 37 80 89 56 92 35 41 88 47 10 22 71 44 25 58 98 73 20 15 14 65 66 41 82 59 95 47 82 5 8 13 98 65 41 51
25 3
31 91 94 50 19 26 7 14 73 49 92 46 94 35 44 7 28 17 49 28 1 34 95 79 70
100 3
28 17 97 69 56 38 29 95 98 50 65 5 46 8 14 11 56 32 55 71 92 32 29 83 5 98 69 27 77 85 36 22 4 24 49 85 71 83 2 93 53 57 71 90 40 30 62 41 35 63 74 50 44 40 46 77 43 10 48 53 98 95 1 10 14 94 5 95 7 5 83 8 12 41 1 8 22 35 13 40 98 71 38 83 44 86 61 65 92 83 31 14 29 44 13 2 58 13 92 70
24 3
40 64 43 73 22 86 26 22 62 2 64 94 22 95 41 76 67 74 84 22 31 34 4 13
100 3
79 80 86 89 64 52 64 52 91 80 5 13 8 51 41 13 61 55 20 50 68 41 7 7 34 7 34 25 51 65 52 69 79 17 4 67 52 61 79 91 37 1 95 53 26 1 16 35 85 97 4 64 1 74 37 83 61 43 4 17 92 64 74 11 55 19 8 82 43 5 69 1 20 59 87 65 62 71 29 34 16 82 37 34 35 17 61 19 55 13 43 50 37 76 46 1 6 71 18 85
100 3
5 61 88 91 37 19 25 58 4 31 79 73 19 28 92 64 55 59 52 51 74 7 78 11 10 24 49 43 61 49 90 79 61 25 25 64 59 19 15 20 73 28 29 5 79 68 73 83 19 64 98 97 83 25 49 55 10 2 19 70 77 56 34 37 61 88 25 70 10 32 58 19 94 85 50 76 43 38 85 7 64 19 87 59 91 40 38 11 19 15 71 40 58 94 19 60 61 4 23 10
100 3
37 49 73 35 61 82 49 83 13 89 1 74 31 32 1 59 80 23 10 47 79 76 40 34 88 85 19 91 50 22 94 91 11 64 13 89 8 19 38 4 95 44 16 58 29 46 40 26 97 4 8 47 8 83 77 73 19 56 47 49 67 80 8 64 53 38 76 29 95 10 98 47 5 40 67 1 55 11 19 19 76 94 67 76 98 70 83 43 58 14 89 25 68 31 47 92 38 25 47 89
100 3
50 92 50 55 83 88 14 49 89 11 8 86 37 35 41 97 53 29 82 74 19 79 55 11 35 50 25 13 58 77 40 52 37 65 41 37 62 20 52 85 16 83 13 8 59 10 98 5 19 31 26 35 2 10 52 1 86 8 79 62 89 7 10 52 11 38 79 46 88 68 16 70 64 67 79 13 4 91 89 40 71 61 59 28 11 86 89 46 46 5 67 50 86 5 67 68 56 92 7 25
2 2
77 25
100 3
79 25 76 50 75 25 28 19 55 35 73 16 80 61 67 86 23 67 4 55 58 52 77 27 80 16 50 89 10 37 55 85 7 61 82 91 55 26 59 7 10 81 91 88 18 19 82 10 31 75 75 22 1 77 65 67 65 58 67 64 53 55 90 16 35 83 4 91 56 76 55 88 55 85 61 25 28 64 88 50 34 34 73 56 40 73 93 13 28 56 91 54 95 55 56 16 61 91 2 1
16 3
40 19 44 89 14 98 37 41 14 85 6 43 82 13 64 35
11 3
58 76 92 94 47 92 73 8 89 55 28
