30
50 314322383 49015845
848270823 449803491
302876884 243638745
777283938 179157623
567397783 514471119
180303751 455960383
412356552 368592442
8073051 16525564
386694986 52448046
533667035 298883540
342232509 584672050
283279657 924542700
701237389 125108611
182248415 590132018
488996789 355136420
404152265 89797816
392117659 803319173
46957918 104939440
284097063 694994543
61982014 676758209
985234944 851494846
72603640 242285765
258811330 397591496
302555895 80676692
232076584 498022668
82694718 836222930
613281982 574309093
699417705 365974376
956106394 314519372
522172144 881666120
823980288 297619536
100938709 926324409
31263850 68614299
616125194 412979
529687540 167877265
871888464 678107208
920392974 514922484
765030333 944492104
25168796 31720656
529743324 67586228
756325510 109761733
684070826 612438042
830928770 222123845
536643217 236004883
117671004 639551517
937171053 58815361
837656122 794167644
715298296 38109762
891039093 721436324
741829942 331423490
9530699 420726634
50 788165470 613718406
410726862 782440025
814160681 553195803
473298383 288412011
398173744 343904005
808858399 82140246
304264091 82244570
318249454 639787170
131855039 693423660
604755373 288436810
935120806 69026092
959652206 294927847
16364172 650419102
834358945 850691299
123934285 610710466
76945224 696405996
478846021 912099756
317811911 487672086
776084097 145523054
489427059 643626647
725766893 174257841
109018764 150801810
790588980 882547336
575970996 427268218
568221380 922444019
843986463 33242721
328170568 503342186
6277641 803638669
506846321 197051092
807761558 840636586
389558934 483296958
247913066 884706782
372378869 868404955
13928009 565724978
61867977 979318
175237160 355871420
506673230 787634870
522698558 284255924
564040494 149778563
924738934 98669554
131912275 132261874
488120412 768725398
424880419 312599195
509650288 494398053
187550991 784243092
267540051 317411846
54634981 577109925
298031232 515453117
933694447 427013850
427993168 164475593
372863365 995562424
50 635713646 455746680
740002604 879536596
881831511 158412204
109598110 156559450
288821324 806570445
427812195 94026737
406625933 776941737
123856142 705208967
489452059 916276221
86204419 163923486
741033411 609508462
124961580 140839400
420369602 891580996
56056589 911172379
906734804 848362771
156625803 281436307
13489255 394964802
553377007 896628408
53187858 895320766
554407563 515491469
609518207 194525535
823983624 982219759
539945078 868660492
637453065 947839766
111763252 29397137
491421952 723657484
717013237 705313016
449410364 468899884
380072263 137382839
838261962 357983305
639419612 139323419
534288222 994887766
744032526 652908867
548229633 940181581
455673050 649736736
844262271 102637197
937373308 917707609
786368101 520762247
321118366 329834738
211748227 276337518
999995003 285397970
990710986 703170179
172070063 569524592
706907431 292637702
650621008 404658679
543982098 397685746
392573512 290040620
942949488 930786672
870968253 136606038
638859126 343695473
298849022 179157656
50 96865265 335637750
856399997 88738682
418573420 735749719
12087237 177518363
462916334 630321648
186008179 864598592
286639536 306143672
598781375 358078243
762736922 993546968
243749066 101918735
391959355 159235372
90022045 636322578
625444968 187425195
383637021 813506650
845180658 116820446
452458196 682486043
623741078 794562276
382828347 308858194
338892909 42314498
525152498 247431936
112030529 801809243
960469268 711160678
921755273 251186417
97249737 411766995
513685730 537008547
696243919 340998803
977321381 905645085
945586633 638782316
304805319 455282701
572103148 329223654
864226049 2502329
797064605 24561344
185935890 487967127
382797978 179892952
427324889 524828800
179154395 760466828
324143858 391871770
643058187 139623663
403907010 245899131
782907678 740307925
81306728 917592740
675754178 331667950
822966618 911144462
218943515 621340811
803080817 127771937
130274267 643563015
520640712 667306866
7790346 779855224
959748177 706576602
83921754 243104676
3571504 239589418
50 483977540 115592502
107732517 327715363
426130846 127035727
719860004 511639528
429232268 61554877
393222827 653683085
417343899 104986446
578843609 68705797
48994087 488803766
132366782 234440778
901747645 31784706
811639930 653007494
212100448 762054343
5159019 623904459
863493877 148538555
264131057 8730523
188962238 199987769
179539849 371863574
883503102 615093085
676647962 899399853
405599290 165251723
122754521 922387141
991092938 675459541
164263308 701598131
936038909 40087025
71871731 149146442
802153936 690302906
304873601 883511662
359932473 866770736
15309291 310032620
171279496 75942703
275930472 279440348
651303923 212758086
827851171 455470321
207386527 387323377
552575100 357015485
131918978 612985817
140961711 675329622
229444105 123011917
15615294 305225019
454371461 17999366
708302273 87487026
823515040 109041749
975812485 13175874
175724847 183447513
259390216 843638129
123078477 199520695
412278781 535320689
990791010 626898752
14222130 92646305
449661790 50693889
50 663679707 419313582
94643204 581580769
557109038 804641418
962382789 324087309
342086676 572724332
660211358 269270602
378312351 902905301
768597527 336242750
519690264 206641188
50279317 944322374
143843069 631596832
19433873 25874147
505289251 408638203
501284508 10224884
60918773 372027733
791341316 950946298
385043419 577114832
234272602 738500872
62588182 942152457
367393142 49171743
318442345 257191210
12612863 27604500
216363603 696754696
755912237 781210390
578049117 736053867
220167051 658707906
537098405 574408538
983046741 239600925
102342161 42387657
266931742 484331249
287793900 15777286
592892119 910789410
649290283 525353671
320022481 679681073
728852817 564394817
674102379 687415623
567536475 47295162
596566211 686715242
467925632 783900078
372470297 352478448
11186354 45974749
472899640 592637349
832238274 400801112
295705121 455946381
792793983 934580435
950357721 562636863
325942626 80587883
458457906 395766192
75447266 975232909
392144078 778480387
465896010 804300083
50 704111597 66246457
605478051 33432486
669848916 300677808
505672608 73403683
971894785 42319214
634956563 369375315
770176427 297310777
753257158 319711189
254291624 65881548
481034763 398567493
331671728 57165697
452931890 806977389
634726650 790129635
568610022 528379156
185195591 26870728
945633537 887022385
772971223 889307188
42501349 403627940
329547976 442820139
337655705 548173957
917549272 153959113
451269890 972612268
144839809 540242051
606123599 57043400
455610894 399131433
456297131 87158363
746652104 787282622
577412257 909229021
290124529 381378755
260765835 998538632
885561017 327836472
69660012 58915725
462543665 511048592
953868731 112161361
512851671 792091641
946050754 144040789
116653057 282917295
823159347 249836996
306880397 114009219
513140652 281799298
221474013 762491291
549773913 821954135
583699508 968126118
202021225 979702523
978241155 873824037
54176861 462787060
374219137 716318524
79883468 123836874
235998235 836762803
481370796 33752199
30309340 748849906
50 31767202 279937903
529774899 146962398
113487969 707442901
989242199 836655296
451662939 626628621
301099109 210716213
31358683 1436853
833655728 884798617
611139007 233379908
696166968 664413235
233248111 665315868
789152742 70386106
759665261 313131579
199400130 25150978
626517236 93552409
226006664 229709471
229188221 510800790
70760043 755781564
444953212 342676190
969304811 60002243
123234808 896616152
750569357 122920272
7718890 154593491
387973399 436741437
101154672 618857897
136690117 84140367
7042825 334402783
647534362 925842860
803510190 619224438
565293200 846934492
76643963 282543778
793344569 791299864
399597780 158348536
501024726 864104612
776623207 844550993
593683497 322845890
445766162 899858015
54451506 196769206
633510643 453485052
924859301 442424905
379081625 587181667
921584450 61549419
987392279 238640802
710381593 421635164
121086008 643418821
925962599 275674793
66974657 50246324
208594860 571823520
288444485 319088790
16156135 709619587
32465477 65067692
50 964925708 609839632
659125190 330747991
784233044 871893566
166834824 145152185
732333852 561608697
623158116 545916449
637073603 506434654
928069818 463066747
106485568 347455196
475646341 901672178
951918502 884964520
456788040 395137351
714226141 13029715
575165654 745232525
662816570 730382276
192738260 460147483
790895474 480258630
352152196 851863450
997015635 427644870
989253568 518987020
917419821 729349487
88300493 464928036
927994784 554493425
754464973 16370311
770558841 886996704
624477576 230111315
625248666 574993696
588023411 81265617
679014494 191991159
922373435 15705417
475852900 194347416
674606046 115111695
966975145 266748374
694393245 26758243
398261615 816507132
398372971 536163165
1091201 168197789
722691214 486673464
355560127 781602337
521115394 329672539
559783854 126118968
701112664 145592970
79374939 37548872
229540031 141652427
157357844 610905786
805253202 4429818
119541513 633210744
752475471 479859249
359133844 939033010
755540142 299385068
835548233 609911811
50 778109600 6429465
493102929 836639434
470758124 353317166
682989706 848663056
974782025 991873518
137466488 95289912
132838785 528411041
522579821 69357780
680263566 214895168
219324987 679937665
165664762 338033120
817892369 338866500
130415863 918140233
70041653 29542565
639454377 885956005
892385471 905589886
594745672 270080329
623397496 238004752
86667809 65503796
57377314 306387202
401677114 913966186
294893579 47360155
969234287 387032251
601927420 817473400
349927418 502014205
840047325 821252407
12635259 515592180
286248765 510456047
539998612 143051122
29007128 356290418
114396656 31969341
302049671 773908951
11913703 709142328
774646125 925447167
84350721 951097864
865064050 684539791
584416298 338544187
725576439 12473982
829947382 406166937
908181142 327503859
1272618 179874800
547983332 748228468
111200867 13907877
156959000 834232097
43038867 651199479
535685173 38482480
812391431 157435523
866577852 837734844
615698363 676821486
480435703 493740329
30796472 552565436
50 891109623 198016105
210490087 467729123
873896060 616686062
796706273 40437470
72828622 782077203
382822023 797978891
811886769 620811955
307560404 494022890
997738721 968845769
7328249 350599272
360551147 533423894
223675090 672236032
201573870 79645351
573385680 691889805
244455241 682009573
880025679 456698505
924427628 135564865
604767279 90515766
130953236 798323688
432917243 253989905
51968796 56298211
677110166 668255618
14794860 863855565
685217686 984670570
187786194 12533582
398473828 692545935
217298319 548337342
627982693 622148919
166555076 418872190
100881763 53884726
510583231 411010318
399091535 980907442
923939561 435010859
85850899 856375166
110365071 907409149
963707360 371284495
39540113 14850220
878705785 640817526
478004449 54334974
66868556 416439824
108985759 665790643
214127985 317858736
940007655 178800431
597672621 842110679
895995405 106562732
370089402 698554384
531978179 259094988
694105847 621697289
478072455 308434092
215843241 632473098
3757593 440953879
50 455804099 32066954
672884480 43297707
950149033 187026236
603466060 3405281
669195925 869533941
187392677 564968172
743768603 883323910
577950941 979916685
938995769 341441224
892511960 326462698
585557686 161601523
783298812 277006491
585440583 132179885
764652984 113887619
554841498 801283825
833350779 620926929
516740988 10645597
197671834 358751611
362156893 466890021
188940314 801137894
218622418 31352818
767193080 376332992
208766029 962391021
156348597 197660374
376639424 147761798
309363321 48860558
325867049 962197111
946893348 92662133
59066104 911307633
565107810 564062684
184989614 613907603
624553200 250974941
462242904 701730602
21136976 674741386
328395633 824399797
708268967 210077290
438926634 547018051
509409073 327978400
378155126 647692663
795454461 665757670
567134580 754794550
569508013 957334134
902512619 893001630
656825615 516401362
80464046 961578724
575486327 74449777
177941070 117970012
672216967 52555879
727297266 640183974
317100124 693353943
755947585 55692899
50 455227302 25369091
205863843 194874220
842566883 964636375
482910398 584018969
191329872 490537697
300388183 50044978
795562960 760837885
129755599 202900803
16995879 304904927
231871056 62735998
180706010 592482206
497554437 409812126
49996101 852922977
398793272 77368055
133060954 367096225
244981668 7257210
202131430 440804609
257957336 303361864
887380833 897214665
240268714 740867734
643429065 78710705
692064943 540656898
743557701 291508377
448929657 821820542
884556540 760553580
205552138 680800713
90612840 65262551
770701880 703106575
780474631 140608941
360221518 22011505
29268715 766051937
59372898 457719538
761081402 83916497
981131162 317330235
58197969 500978588
432205645 221399877
762056775 554143386
698168116 124270588
946091131 358130828
971200760 147097773
827898486 683164023
600942926 29269250
732375825 771027678
764152971 224161159
246172664 365366808
983935098 124374489
434610380 127957731
211874228 43307996
360638231 195691782
696670370 193005390
266921619 271352553
50 678012291 128876016
105662956 28978394
239625574 376180407
375794532 904270439
587434463 63342686
92611936 56209371
827237049 40893741
265054900 824987762
42870922 591390021
568280862 511227564
639185295 26806020
922630369 2891242
51099377 851059523
896581266 135784952
407137505 600286099
581678467 163502885
44997632 85149797
313846556 687341424
444128215 137139558
200482245 689641089
745850460 31562678
72456420 293094181
118081943 425603861
16993882 190027672
701255237 13469218
892791590 437791097
293198691 192956884
896532760 815421959
951206912 196814420
797100520 793114026
809133263 210860769
148526918 378778987
918636763 854130895
991270454 314889827
4530916 362764979
246844009 44269051
337363232 602897728
28501589 171816781
361844454 307961528
321430746 898011824
188319273 915616043
108572927 66738688
882160648 334034316
530848737 857622039
503252417 685883912
749261033 327949257
559244596 312385681
19032928 897787952
65194131 477881360
693162691 862819734
907088785 69725047
50 525139127 940006700
964339834 244452018
552413546 406157068
156685244 178700640
94316683 726360644
793099332 197520869
531555186 55405962
913028002 527776332
66176596 62403923
242869532 268796771
581182452 815437630
565741934 802114128
132511840 452731733
315551467 630936065
553177464 825674531
618197584 75156605
319608623 78316591
336990011 582537418
761238058 724538521
450899165 346191608
543712477 708071093
763477055 96514849
624291182 75267663
137671586 529021409
797818181 690467778
505905408 233057470
35171599 231516985
684248718 71647342
555099759 167683439
993357971 852316538
927473143 108277223
39110166 464071907
46609325 99598118
824136639 228616530
574808138 660363735
220951180 127552156
224067005 118520615
46304631 984428235
365965997 848358187
538825966 36492569
269550040 16300530
100333867 897247726
821411421 304721639
324921430 784582586
489415476 376511180
337304756 170795753
634867660 416888619
516486737 376414922
605031452 533993337
46873424 193139728
320691884 32355942
50 150876558 267824604
104769192 544758889
393117077 197181189
233673758 470735189
339552071 784459395
681707121 503223798
660461789 439885938
76984876 355634894
732146075 985383220
156178973 566400352
983288971 69450831
298382105 791046634
177556323 352292060
545431788 755929910
788285852 224429748
492254352 866123672
263398914 939162410
988859951 597023544
67758733 656515991
293491738 75050062
578273860 259827156
699713095 975198859
183350106 91252002
76635222 776697971
343098324 915496181
837463364 85330547
876377181 178903647
383712060 988361821
744291731 53933505
130879605 929143848
647783873 385093936
176772698 623133957
220157502 911182787
420215130 165632650
240682712 140432587
400259744 713706868
541422079 671472924
762724926 99972839
729187162 724772185
492784718 839360148
924690696 72285486
103705486 182764434
23642608 653584229
560034086 487417546
269077746 767934339
5544627 690913691
166564001 769377971
533077110 182317326
347949976 386721503
379670442 953292240
519515460 441149040
50 112621964 779930186
732419377 913453892
490742429 875346891
567223391 314122892
238924730 983527148
18807934 344430439
850531021 342630216
682564114 42450542
662901234 263081459
953995151 951641861
573536184 668445861
850763187 120559152
359797007 106613295
912421887 51229515
492378555 739467449
371913988 284453700
197907592 605000520
332863763 956849717
270972609 688650021
524693521 752603506
97033946 509897340
705043908 396017808
438468350 800081319
63162778 387608023
191766236 101369584
622331798 869674281
842749785 765302420
724432067 473094985
524324501 55063144
794530594 636853955
921307655 16703056
474219928 18960934
975810651 971731599
512897972 659600043
412203550 99299613
461713305 37591494
286125654 361753848
14351519 166757213
406881588 724594004
678479941 77514297
947188579 598647824
216466597 153328091
626423076 642454716
697517861 940898664
430268971 3263929
872483338 344564807
363525741 204092978
28340929 199219618
858819662 191852744
143668709 541238902
431346748 123539564
50 485293412 605382014
772139228 717472402
294582758 499644931
429675580 31537168
630184993 973062699
126390790 229380511
871835228 699167942
492582958 605330219
461110500 569353089
913917896 922851930
979461260 333593838
532813457 129959989
174329085 7802190
549041092 244149471
367689035 317997795
923379809 980387840
550376594 852982447
205143730 548035389
579572558 844959352
670538404 634819310
864199822 62273903
761441845 649445546
107292117 588551402
10420843 254024803
29393085 568402618
901996456 924338739
906815080 8854346
869172888 287326265
531475736 81144165
399141960 270730332
103634524 899164771
604663570 175038122
723073511 654011118
498970470 662323652
149659315 302646069
364919972 22025226
671470773 13859137
454926891 126361817
232902973 778762890
347165508 465347734
242202825 114812410
123666756 101678317
241520934 149017905
82678422 845355996
116086328 772996671
524677794 481820383
656858505 219720852
873731970 981857717
644181369 232448368
535094438 225218793
247244019 793840684
50 660216173 752530762
731408932 918714792
549994035 115143064
433007150 964311905
79124315 897159543
851354212 675209975
824227880 55307424
753179772 92875147
718388170 906906303
241243038 869266101
941503305 95582316
77440033 750617895
983066263 667751628
892970421 574137755
220494791 370677053
123207816 992730792
763961937 880710965
848370381 854616748
671445005 313955972
63631867 133893884
809103859 603085672
510909448 914986080
860377579 485848092
245270747 116605573
985871674 578765749
674348065 486513785
89648032 779891331
447642959 604304451
178442206 72714295
443391349 193129732
38376877 398936997
132164314 419115517
126248617 802338814
116294786 833051048
966944932 797693622
253295646 32443005
799945437 776048791
114413235 616721447
733327020 660323016
91605117 359683982
846197767 571715046
351606377 618469535
222773986 935845799
861076447 651765689
844895421 253732544
652669541 156984148
576099665 883272298
538127464 637350208
470401256 702348282
352558256 506938602
539381608 289862540
50 65911331 605853902
75091701 191843397
852166414 32840919
392524901 808418721
380133767 796287883
414757418 91239021
27084820 584256497
236022186 490047756
743780300 740677619
897661767 933433959
669222610 248966194
886316402 473761432
28626066 207350074
714288677 209234010
499096550 381184322
987038225 106186637
298030034 417524233
450365152 62129926
723065000 2712800
799000684 842890054
934129075 103198767
539971616 66274454
556322211 813730247
554407867 775993802
561944114 152618863
401585057 304585986
778347419 231166724
291033150 287901459
497135469 806973485
40674160 5321827
964024816 996232019
266272605 27712385
942358663 114571203
117284003 716637757
559527811 517940015
473655135 768801039
835075494 346173238
159903486 13626751
642136906 243914057
396532920 566827705
871413691 204081020
287764096 798117978
938535789 502277462
161767300 578797246
436635426 288187611
136935982 202441460
82670197 400660242
515231445 403208587
119846345 25028860
395485228 485031801
253832840 531890508
50 878063747 869140363
882767114 941424686
37855095 37967233
457311290 377420372
581501392 434388016
85022346 328724981
831002444 869265488
300579087 23558135
164262098 992769744
47727556 737214513
137874755 301198081
704406668 130397753
7942965 505622553
990654354 824253013
208659874 403428193
272568556 97003546
38428233 86723621
977207206 7852023
385272395 76283328
363187696 434518496
615759829 819290140
541071980 300726394
176800882 299278625
144564721 841651067
578865580 341062980
642261061 192292277
322690030 569256688
927395593 346667730
23437095 330632996
734061189 770566299
867569845 232096969
171336942 6629746
866998121 758514430
687314111 148544148
435578996 104786868
924077008 903018159
203744554 51338826
350617451 465148989
159316408 380545436
721608416 495182173
687474450 738181989
159955029 216385830
563053560 10164481
193313829 87350622
710433273 439007007
671103977 927375018
786521116 430519470
41550253 842440919
843501420 653519237
758306106 728864364
484398875 279080416
50 182935594 534899466
48455 688143429
921205217 533553046
881251571 11881216
750063205 495329986
711715816 421242373
283923206 762534586
702401560 127285728
566292735 477237035
404612054 412834833
843354303 89913064
932353984 43649522
697168760 884904556
466285272 628371756
907452172 307991218
842890684 950684148
491343929 90387767
476457165 695455492
707336708 265065499
760395485 210225088
631467461 309916265
72450851 472111301
599397029 915390668
392627703 627368763
40203596 18206116
108119181 649756109
693405632 736074251
473495160 40473165
521361273 243090744
551081962 792296784
595497284 281329797
224233916 246488998
794460842 86841214
204423065 700691081
910916169 354313902
664230167 964818550
289446203 394899983
310290651 589197370
69082485 888843232
907049348 555434706
205190816 109286081
697876685 15168529
908158046 898596448
141687192 23888197
816184981 282035671
563365469 545285506
644290856 264198618
203556184 787599385
340806819 438751699
793065601 407979249
372797799 104239340
50 499139323 309812121
751525843 662244002
403603586 809429974
217381033 820608329
782410762 163169286
30854168 422571849
173684649 332803799
356691996 791528566
73564238 167888193
565690051 25393330
289591948 636929707
277045444 209980907
501248958 493148132
901127381 617852263
722091604 146830912
456643033 126441532
641201886 221230927
883177254 60685228
881293557 44805472
60491110 100558287
375646488 663704320
996508119 91345278
735390197 549331137
569735682 205716468
83626150 808954435
298400494 135425733
197922992 373218098
718882582 575445938
45814554 699171951
846002863 472526315
598967847 767906158
989137085 155162248
215847476 92686085
137491557 724830691
825388978 97141034
613361706 50499019
994360650 53551818
602882955 462386177
668102645 729750847
391221634 25134989
160560722 751728795
977463245 542138480
117584418 358483715
57655666 696345827
21388494 15915324
783821482 756174881
911337129 620356341
713042426 625474920
350305611 127184605
76841991 703050335
606065707 28210942
50 81762760 690203697
152589875 600426357
182693556 537162068
562297057 673208872
277454020 426431542
968570022 722857780
933857847 254917265
803779445 938670792
954586117 844029865
600204746 825167939
298040633 738407599
216398871 364058227
491242832 11083059
566649747 566704483
447431777 568084824
110804873 25231806
625658163 529194537
66356605 263394748
936603621 660868071
87299613 481170015
56544147 66573993
321491258 55869635
847056779 990401994
834431859 125270703
802954995 801642896
392566848 287152957
651211184 100995628
964595039 608965719
28186554 994970368
415571544 383761138
408992944 475618331
857329221 526376418
789771166 34651107
548035530 776202178
257372193 578891139
645465132 635335143
543721130 313916340
156834686 819472743
797259798 243294262
44937158 991266545
130935854 600214793
553726773 290020358
751502430 634663390
629633759 518321813
902082951 779688984
107823668 45205303
424098073 163592248
50759707 965152889
593871419 66385592
645276731 598795238
86646733 851243613
50 17676305 143258216
962730959 630367864
873662126 174510992
18293889 612507109
65238255 771115636
913652347 1746096
636409486 618965028
137286841 665154777
297360113 118559597
16281253 891886145
55478393 257700133
75369374 440379326
506764918 106238100
557549690 669240794
373000759 4558002
147816218 644196424
127080640 390677064
417704408 963063529
575570638 742766
624374754 435998298
437744394 640808893
112290274 390543453
55698230 74153880
45229830 102093467
993979612 205574696
463274829 61511083
501890409 901974357
860728810 538644204
60401350 8655328
13213330 270794852
914991276 433402109
824079173 13545900
976609429 42071916
895331034 94299934
530298232 404696419
45505313 372222141
762765594 820558978
747229210 10311939
112405406 670980177
876554873 792459040
853970123 106385019
860875728 192346054
583506610 355860533
217032213 574120890
844915743 643907960
77310069 230245543
243791443 612423371
654495288 753905595
848205529 72917224
477613643 402342674
774564815 231020113
50 51579091 375635308
385947247 537330410
60826939 798808301
443783694 498352654
457254025 937381812
982244218 297753817
506130702 170646105
744766996 565750829
62175141 723162915
953408458 442199091
54622462 139485211
893390806 49716253
122633477 561634102
963976777 594112687
825132800 600247121
975882429 591057944
128388354 876711891
528036544 214346029
712698683 41731645
979113457 971820238
122090408 169952708
340598813 813874028
232141209 628221110
203900378 937882161
232597604 294316350
433801561 9825188
59541442 139736419
701370521 179708719
773821406 34691271
634938392 517863650
108921595 451470558
180698801 463337174
677683203 89826301
131557947 708735346
533071936 242898238
412850946 963187756
629578136 507678696
135899807 605966111
543848273 861719345
156035696 192316537
202141725 776445877
916182296 442353609
622062329 261683167
296374439 470069170
840449172 248400087
699870646 783829183
99682709 801887119
744229773 880569447
441821145 777365912
20264150 728304072
544008180 827409434
50 335088130 285631448
891597560 173586317
35305662 323504289
515820826 287962185
916924414 43857710
486211320 717962552
832162071 685623063
8208585 960790001
61706440 128536510
764882046 848657757
650544877 761577086
494662886 864564755
494447020 247291002
975595074 789000383
616409817 367227522
652858971 519603254
545705923 804014300
127518589 396972883
537451420 433527938
477385648 495855768
66334672 454375834
139998897 816113320
776903321 898496743
879549606 723834
849381592 838609762
452703200 496948004
361512759 352442821
599733823 799882438
588882822 855959779
75703654 575328897
947448503 57808991
861823291 728562625
978051860 493154427
926682365 841858233
190230353 515503280
822395466 256584365
72697686 109081377
7578120 814910716
815634550 702117359
393243473 739644078
89108434 665016142
17458963 698463026
498345464 450621194
159097325 469709138
45038035 939744638
997553630 234800979
815879956 845002891
190673670 711893273
406267858 793931816
161951448 117356035
226456752 449014563
50 558095940 984346915
651773983 151670790
706304502 418190413
10350843 467408533
984941028 99547975
650527353 99459278
550080472 854916343
324625482 1389170
941133808 561694149
796495129 222179869
67182760 791203790
355613416 464891437
111339606 110372782
80245169 761881274
63412190 273291054
110154321 306701922
310889064 621508130
39698543 761928304
81853190 17193566
969257894 50049387
149508665 66794218
774226913 619785247
621174417 552105489
113799638 98852395
173548617 414824578
206028368 762811119
227702557 93247729
203620512 561641784
176039411 339042163
464849569 283865681
443083955 239451601
860959731 575003891
189448547 753973020
771166586 753174627
803224014 123818089
43128659 592940832
65242432 805249031
357354520 817355573
768724320 686416849
101241427 323670510
86481630 942272937
888037019 159786148
573944284 166700539
505742702 91657531
228039564 749983695
841951648 970592271
398112514 671123520
277612892 555427732
308602359 440077414
563895503 48779478
494236663 964342725
50 769591756 607024163
424379736 559479095
98412296 979462628
303133138 45620408
987893346 52170076
211956224 242131120
408831659 728446717
672620600 785900508
388400556 914574361
737682985 900660164
424300036 82868556
638296288 988311851
428389265 701912928
603208759 946898647
763757724 992284769
451825284 97445422
509440869 385865832
365328460 876205020
921825428 607853165
660023241 520977951
763109071 762235126
343198195 871979465
510396326 171940731
939031444 15818795
768995312 751313234
834181790 529230781
517542633 45811700
747724629 472478079
271893078 798448250
643249371 203449740
153411514 35650803
274032987 95074655
823796027 662852383
123221900 639361448
12855751 598137808
212889286 783245142
507740959 775964822
947905553 556087482
571906277 18137285
621966871 739453350
268684131 193417941
239229642 456148662
781143093 638743116
437191367 986954271
42920363 53036171
941203326 80440738
28031746 48848229
711700612 67752666
707114114 851827773
302481933 834922512
470684006 719969865
50 348451039 515371220
71458702 978424966
849078603 148872945
888326295 495881331
689299273 471045475
779710489 9526778
648269895 928528915
767999538 560853582
466406105 85461262
18418352 810919901
859768130 260125784
327878450 898966450
603310576 423985094
111423958 887508916
459995133 905792509
421163729 582107965
413049283 808446172
957319117 345138783
841020115 262127886
585689713 845645412
855172191 530319388
311364655 365400202
778770136 355958438
293936052 79364193
742800446 97692594
357818378 164870756
63837207 455084928
879070022 538213180
425722096 667147783
425456644 843010332
277634649 885717229
546679753 846620374
44275509 690683932
952811819 503998871
202160635 885295624
268131364 391017884
756418087 909849178
265807616 579496019
658860212 387704575
485397169 559743668
724614425 254177010
709261938 843215547
233945079 640967984
160632119 440848312
283858645 659667175
397900756 586088763
285225489 561493294
104693579 944580510
301095733 329500999
214796623 57505398
301039634 355772720
