30
7 61 34
241 69
924 30
580 70
649 68
453 15
599 82
242 81
3 100 1000
3333 3333
4321 123
1234 567
2 685998469 107316291
206505503 552029729
326969577 213220097
50 18589266 803705043
944712569 873478544
918861907 655714741
750664721 822860056
742066371 230077556
509530363 134786933
699655096 535558588
250997192 268065591
775710612 275647267
392292603 592169864
661842552 466202650
637767107 202799413
164549208 645381720
653632680 805499900
161978592 467303450
109371924 697942390
437403823 269439812
264169054 91428094
90780081 299376326
959484679 12335082
457111988 938382891
559274678 755682412
692696105 673748814
96630401 302057344
688348313 99308814
990239703 69819316
415150642 794508470
839372328 806111618
326644422 801386306
656297589 341234092
907388327 54739150
7325529 46200957
156334509 210326910
911122406 621278503
550999889 650733037
460994958 410212093
304887118 430620470
808209756 65113891
641379696 926587156
579163625 32719513
760663490 367629711
852021119 653617952
177080168 930340576
572262778 148693838
838171548 608225093
615633517 918077700
93162092 746527360
843094813 294236431
860999962 339328421
417931314 90561151
279670373 360338140
31 940219763 247873200
254286518 615075379
362426478 482488558
30547177 25793576
867194491 429783600
826856988 376148577
289733903 736938997
534060438 696043695
400459470 977639770
519469598 373007977
550969432 217062896
291278182 819121802
908414154 462886824
981935635 549431801
703771092 734876137
396236396 179097061
216823165 480289219
530684319 782551623
597956973 173998398
203982764 930510475
740444150 443313613
876911087 144716870
96911523 504169439
900070477 115809320
95164537 616033171
942859001 969293037
518751184 953481867
83289315 166934668
290127816 389805785
277866686 72573811
559031657 404215574
432106 851325021
37 103085058 724177197
482828708 961517579
26929716 460877287
703520749 288395109
325058573 605519062
482134395 222237927
437435420 209931642
170965397 450403141
546146691 315457314
222602900 88642471
687113494 337566239
241610910 65323395
496628158 593553740
50635802 717618162
290334265 559102091
132300602 311966096
428060652 359163758
965468425 698150477
921120951 602314678
323539986 287681189
92605741 5240973
332575845 773207022
352024023 343871102
349681163 467446437
474219244 925976979
981655131 25273263
483356850 411261399
555541835 553406311
308536844 735840964
581934579 671398065
102114380 466693684
232915473 939498811
905897546 194761897
656732972 823756714
251914673 951553311
418246735 19978141
672444271 346489344
25259491 120933619
46 685369874 249481769
540793730 885144937
468537568 739266245
299989359 358468695
373704215 407238800
752446042 565998082
664823463 802961294
159240045 637003840
759384819 862231239
518341431 908544234
73288738 694986473
418861323 596188900
445543217 193355441
684640002 452924794
767341227 826714594
44704055 338647139
393337870 372149290
226610669 980091446
777676668 847092110
756836275 868880308
148430597 47408279
886904526 606919303
150116515 410531302
278375001 640070137
144842702 472780741
370232088 325200643
242939672 578252855
150559079 494568302
652968899 488279067
59477064 540070626
698169043 265969449
668265227 677063227
660847565 578451260
565635481 518078739
402107152 280960145
353785181 793350499
634885585 740814146
461446351 331752257
999058859 466461141
530405280 939437256
993601003 727954162
842138492 932267545
747191897 453259824
637071744 789878647
820839863 721666567
581491768 208151950
256454115 350146794
41 233022380 809584205
173083058 837159475
877693874 590172108
171695375 210495370
190295258 73029232
702653261 501227006
678080207 465845443
811981870 482847369
19980509 440097679
96190621 312550701
200562723 456314013
854710309 574860264
635418604 977464747
997953820 888161756
171637973 810870666
26253249 237212786
318774801 155244532
45840400 421010818
614681087 208180954
6122522 104866695
609162550 988450704
679589459 727065025
65718887 578920236
995586954 141977251
671341586 92100950
128491190 811081761
195224126 151832142
965915198 254441883
734506205 361873430
372807740 748205821
598062002 813178325
822214177 545034145
98652212 622914412
864653849 644351802
239156693 165564357
283238387 646507385
46625787 251775554
625320402 86576532
553393492 905449094
154452573 771872300
115501058 913002691
427544458 591037718
45 557959638 9784709
512502638 805524450
877273360 506040178
199301205 197478384
758241698 9702275
192683755 470358998
407521929 242755571
774763446 978817113
526386825 436584726
37234819 910273692
540383489 810943284
220109148 675056622
103432775 474979668
180574194 53161469
934623454 40050356
246935163 195122637
991020389 515707210
122899436 137901902
491171270 704683600
722128546 240038676
315227437 90089347
602039943 340976612
568626975 41120700
572627803 769922860
906805121 592617890
247767115 837697043
699772549 70321395
489552696 984143041
202315844 724831610
734570670 471172388
783878860 199549558
447979307 238136431
26125704 687666093
268059455 563067944
907842966 247883
516074126 791452278
643334879 567437412
30127183 787872745
797916901 817218145
15762700 37578936
916341110 47863716
755398111 924025178
583988685 404697799
443280469 578343078
30759335 106593330
732235804 622853594
28 865173395 625756883
93917367 993358174
164037028 912879590
173174737 986172456
198321232 963177837
615256700 171649079
318892078 974031585
692025570 508282126
695847609 308019826
194038071 939486634
594719599 221757493
465973630 330266484
588148192 112465176
903058120 197874716
655958043 29012987
248732851 987665534
979171756 78464760
784502404 799630015
175594833 456523460
843516894 518062459
629539140 781718062
666546462 440023577
736653340 840516946
776949815 63062621
152924056 967343068
766516802 294284457
814765332 293261726
974501670 72871032
514960658 7772643
43 613021682 753116632
568197057 516108577
29656679 260368734
299143474 639255560
411575864 181826978
681542836 333304650
90223214 478309930
300720356 54586649
697833566 70038507
649554059 257087085
975724896 585522649
601520894 300551618
15498278 511748280
735566162 131647770
982949777 908386354
41428547 880415370
299998649 291305685
605869940 249891510
261177632 524280224
563890763 844507874
675590265 855337192
527985247 225881244
813529234 796095956
584999809 905735390
794220365 17317217
178003860 423566310
835755525 17703295
483459078 159443489
415831192 867104346
555003626 281073221
961956629 805479347
304480181 764377213
832332292 303191146
281339584 388251468
631355425 356583262
190641211 783522034
432301391 624994285
610569051 96126305
342034966 488706129
768013786 449931856
348260298 874252340
506072156 919201065
563052639 960126632
294900559 220096545
3 813211106 451758413
498152881 436239192
46589061 752792310
886815555 744930837
4 0 50
30 30
10 10
40 20
20 40
3 887669021 719565836
927250690 837385457
467553106 479002844
776461880 281298042
10 144701157 194598620
187215006 480774619
873085864 581899586
676745402 242938434
750265227 307591836
567473674 190257405
503546091 829492804
265428478 710931207
649216958 678890332
706080239 404796558
109290532 90156288
10 413625349 207305908
851021706 920701255
503892658 392198299
268018621 467186824
88861527 620882050
638533907 561916341
365841982 136446501
694023608 26777172
708305268 602003585
798769756 778360777
145922353 686607583
30 180241346 712287292
898969734 775072679
795121013 715079654
643602422 556730474
203041934 992564314
742464379 695715658
638693532 37675822
426476637 653227323
791556042 935511711
315702308 137111103
178340623 246111575
579055431 356780018
448641630 877470066
318912479 162766650
873837526 246653506
444175914 189075576
493680835 364601838
689616253 363391547
595713263 610572791
342221835 999508683
103598817 777685543
536030645 256318366
894095881 49106686
213071202 314505988
36572624 478629682
889741468 672758257
823046276 487205473
358290688 632577793
388610795 993564910
732532051 876655546
857989855 655491571
28 37159366 581022200
627275140 569107245
775003017 978632837
558556263 60740149
110018418 490991722
37175196 123882648
858495369 869305762
169077161 649929327
655763820 167451501
160382370 209590974
995934046 25109185
287377466 924946494
757857176 581575114
446262000 477836226
512290317 763045599
316304844 537958621
300351229 658941713
97745126 57069762
671769224 841586524
965780296 214565502
390071642 545737319
69454317 570301132
837646978 590993641
877828501 444406371
916175614 429591302
12068544 508740908
138207573 777331276
730278906 340900178
116909130 128864239
35 502432739 662699359
334148929 891227284
503963036 145747413
480311227 191439897
858507677 948377739
810274303 259297661
952484236 761787956
907374649 510488584
44432115 968580416
156337911 52570186
367112515 764905760
943207964 345046976
893883516 935384778
461949925 532190322
946875694 722953876
634346977 262030701
421150637 692451086
625791834 703248484
763587788 573459161
342019780 46071705
484315539 707003975
753493803 749158302
506398629 761952941
801034908 24173022
379112653 363390662
193252998 163484074
797118802 170247327
841989733 905618656
733518202 995052811
7683276 605326798
443951775 73533296
986025236 931521290
40360460 937024464
329645563 655199523
38733809 379194640
610672730 756881503
49 446489881 52362922
609524850 45582072
820737733 170927732
956664597 704882817
139852500 600359915
891557801 507205641
960125095 947529616
223416241 179683067
109158750 213778182
487226198 334088546
768049836 95275126
162860935 402064999
426732229 299345570
426339897 780888164
939178353 564097418
27240656 12221093
303018051 973865908
766684310 156521666
521087457 61669916
516802181 870140089
15467632 978120144
157272446 747731366
848008972 514408519
969908718 896792822
374441934 247694264
150903447 695247117
477957532 900252751
666872016 476899772
372349175 512615105
274359953 751747038
540118875 619417338
656274860 676726694
591291065 489960071
433492509 379505551
842654505 405744777
764776316 94283739
424356510 600865096
647242631 198322373
512973007 768527737
814545380 925932872
562813239 468346643
628610789 69327498
875601716 460067783
806602625 800122854
972184656 474923800
728680851 284896801
906220573 168177984
639029471 461852547
586540287 776296758
499759351 845325128
17 929014080 566446503
424913336 420290276
709441841 199870176
922488230 595310572
410618286 477250282
526259599 915537840
35709956 183508581
704238904 94967569
270780865 398638147
774406249 141813753
865421595 186559187
499221327 525452825
682397642 6583385
406256193 144240154
985026732 75534879
874411221 578856181
164369116 784498110
321140063 104533601
43 742294176 124156558
678852489 164252259
555288263 530681373
263805734 935909053
21698684 230308859
437011030 109334824
35555377 359058319
101090038 301816861
686872060 524840446
72111722 112436442
655025457 484933148
152134548 354581139
720670725 855097137
106204316 984690318
98834465 403816003
548859384 700030259
992777008 655580100
396612894 876788037
867318144 627007493
428777154 567340475
260188385 462818445
889471401 176211412
561573654 2341229
165478120 611106638
728708224 254842523
389134226 347652160
244816749 351932418
614699024 145933716
561130540 173591718
532988533 678954490
362264234 532337819
463249392 719718255
906100903 644389723
182983527 957495124
251903350 417446128
685628307 461972450
724315251 757166363
225860433 557085460
752220234 236498539
882098611 765503945
886447350 709589154
421398574 470923504
411062664 467336939
954437590 844498429
40 715571675 76117998
108376114 973179998
36586423 665773569
201693595 195132476
376615613 997401039
813481639 204989431
637082631 976858865
842456701 955635131
755726452 724711747
908080150 578331364
493212496 104937143
666495291 198088680
548067364 567918011
518222256 42550724
285731249 49596985
255339116 795065113
316381182 525042516
234376965 895491310
16621955 513598881
767501099 292042496
751121286 175598616
304664139 177782715
140688775 668638625
972137811 824255970
22853587 721257784
656819348 474646969
241696057 561254073
755728837 925258726
601481170 248675356
902225388 554920705
117053045 974631071
378159174 806574202
957112485 931447930
245006364 539389317
441861789 245156632
187656295 942840831
908586165 925757602
652725724 834157081
607785457 474978441
130460306 725921906
404662427 836893450
2 970370804 73494795
157008279 554662048
111589362 949807006
20 167851000 757147
336971124 301413356
160567225 659598368
4890851 391749387
26239572 35766290
597006 473038164
326051436 3615544
118341522 392289610
37215528 170427798
168544290 675016433
950090226 683447133
116752251 82426872
706221268 194041604
257655783 69909134
21417562 84970743
40873980 37379060
80835680 8670528
653352030 436291072
374079500 106923810
86546364 466701606
480572136 247776867
34 215885449 90064277
265533249 710763172
906087121 358918421
231205291 213162019
82329134 874223564
733149630 402619886
79060387 342938561
76910436 274452391
820111181 502537115
274644261 196546430
783258588 245956808
539134123 768927271
315714704 540925374
48511186 511173099
479274470 41805410
545262440 854172382
38126311 643054717
344396926 92796966
500541709 416008298
222995314 244271226
226900688 475617657
60352205 216543903
911465442 568712028
433028566 478352879
882548942 190364680
212246754 867920969
546825686 958913729
877524516 893177421
616833393 41740783
357991532 626118189
686197603 700506040
863744198 521110805
909649712 10866971
112376340 704678855
680432458 568610022
1 666576027 364618380
53093209 217787658
9 476711828 260705768
572672203 399176117
927495708 169800636
313826997 566133543
213045978 760082557
754251836 578882840
287092037 332278416
610353703 241350339
140079502 553851605
785075955 332044047
6 188405365 856980043
437852059 362451360
84137478 534960877
297527167 276556861
638074716 966282196
629418080 927968959
655709186 945844688
31 698433574 618613792
77855500 518589920
280732067 774720616
248758149 696280954
735973017 636536912
91058341 732564650
802373227 881722084
326432134 673362148
61600273 564094743
621803371 295773348
982523241 477436181
93143461 192960536
434731578 20006068
752858151 138243038
109120708 902639370
489076394 542929893
794110461 977926424
443098740 925789808
69032306 147168164
762122442 570216251
649461944 644517412
858428401 966421686
265729162 494957783
982514913 819062635
472476036 93309934
186432394 603602308
954604669 400256485
653342137 511618153
660898481 953329788
73634899 324476330
684596035 412930825
921807843 873464957
